r,v,Nv,Nvib,Et_i,θi
1.127273441,-0.151099157,0,5.00E+03,40,0
1.113166723,-0.101110919,,,,
1.105793947,-3.05E-02,,,,
1.106698529,4.66E-02,,,,
1.115686723,0.113847705,,,,
1.130899711,0.158252052,,,,
1.149454557,0.174317864,,,,
1.168251158,0.163281914,,,,
1.184573641,0.130386326,,,,
1.196377611,8.23E-02,,,,
1.202350936,2.54E-02,,,,
1.201879391,-3.39E-02,,,,
1.195010289,-8.99E-02,,,,
1.182455749,-0.136236957,,,,
1.165632488,-0.166374316,,,,
1.146689442,-0.17375969,,,,
1.1284227,-0.153544599,,,,
1.113945495,-0.105322681,,,,
1.106043899,-3.57E-02,,,,
1.106366002,4.15E-02,,,,
1.114842795,0.109857629,,,,
1.129713863,0.15609096,,,,
1.148140083,0.174124765,,,,
1.167013471,0.164809018,,,,
1.183579274,0.133206098,,,,
1.195743286,8.59E-02,,,,
1.202143801,2.95E-02,,,,
1.202120205,-2.99E-02,,,,
1.195674864,-8.63E-02,,,,
1.183473291,-0.133498888,,,,
1.166882426,-0.164963791,,,,
1.148001706,-0.174096859,,,,
1.129589902,-0.155855401,,,,
1.114755654,-0.109431001,,,,
1.10633324,-4.09E-02,,,,
1.106072528,3.63E-02,,,,
1.114029375,0.105760404,,,,
1.128544831,0.153794389,,,,
1.146827556,0.173801389,,,,
1.165764659,0.166230761,,,,
1.182563912,0.13595207,,,,
1.195081577,8.95E-02,,,,
1.201906192,3.35E-02,,,,
1.202330554,-2.59E-02,,,,
1.196312088,-8.26E-02,,,,
1.184469896,-0.130686786,,,,
1.168121322,-0.16344769,,,,
1.149316021,-0.174303624,,,,
1.130774027,-0.158030795,,,,
1.115596407,-0.113432517,,,,
1.106661669,-4.61E-02,,,,
1.105818414,3.11E-02,,,,
1.113247261,0.101559376,,,,
1.127393633,0.151363089,,,,
1.145517964,0.173346574,,,,
1.164505524,0.167545104,,,,
1.181528117,0.138622045,,,,
1.194392814,9.31E-02,,,,
1.201638219,3.75E-02,,,,
1.202510342,-2.18E-02,,,,
1.196921646,-7.89E-02,,,,
1.185445012,-0.127802845,,,,
1.169348389,-0.161828078,,,,
1.150631408,-0.174381229,,,,
1.131974051,-0.160070177,,,,
1.116466935,-0.117324044,,,,
1.107028843,-5.12E-02,,,,
1.105603924,2.58E-02,,,,
1.112497221,9.73E-02,,,,
1.126261284,0.148797977,,,,
1.144212303,0.172759256,,,,
1.163236885,0.16875004,,,,
1.180472473,0.141213823,,,,
1.193677341,9.66E-02,,,,
1.201340009,4.15E-02,,,,
1.202659483,-1.77E-02,,,,
1.197503237,-7.52E-02,,,,
1.186398107,-0.124849251,,,,
1.170562853,-0.160107047,,,,
1.151946898,-0.174331004,,,,
1.133188946,-0.161973099,,,,
1.117366399,-0.121102575,,,,
1.107434383,-5.63E-02,,,,
1.105429283,2.05E-02,,,,
1.111779998,9.29E-02,,,,
1.125148788,0.146100138,,,,
1.142911575,0.172038472,,,,
1.161959575,0.169843594,,,,
1.179397578,0.143725203,,,,
1.192935521,0.100057314,,,,
1.201011702,4.55E-02,,,,
1.202777908,-1.37E-02,,,,
1.198056575,-7.15E-02,,,,
1.187328663,-0.121828187,,,,
1.171763957,-0.158286711,,,,
1.153261531,-0.174154365,,,,
1.134417682,-0.16373927,,,,
1.118293934,-0.124765284,,,,
1.107877867,-6.13E-02,,,,
1.105294674,1.52E-02,,,,
1.111096307,8.84E-02,,,,
1.124057142,0.143270831,,,,
1.141616792,0.171183369,,,,
1.16067444,0.170823836,,,,
1.178304046,0.146153984,,,,
1.192167729,0.103474071,,,,
1.200653454,4.95E-02,,,,
1.202865562,-9.58E-03,,,,
1.198581392,-6.77E-02,,,,
1.188236179,-0.118741824,,,,
1.172950959,-0.156369204,,,,
1.154574358,-0.173852801,,,,
1.135659226,-0.165368551,,,,
1.119248657,-0.128309527,,,,
1.10835884,-6.62E-02,,,,
1.105200239,9.85E-03,,,,
1.110446833,8.38E-02,,,,
1.122987333,0.14031149,,,,
1.140328968,0.170193204,,,,
1.159382344,0.171688873,,,,
1.177192509,0.148497967,,,,
1.191374359,0.106837713,,,,
1.200265434,5.34E-02,,,,
1.202922404,-5.49E-03,,,,
1.199077431,-6.38E-02,,,,
1.189120171,-0.11559233,,,,
1.174123135,-0.154356675,,,,
1.155884445,-0.173427876,,,,
1.136912546,-0.166860945,,,,
1.120229664,-0.131732843,,,,
1.108876807,-7.11E-02,,,,
1.105146076,4.51E-03,,,,
1.109832229,7.91E-02,,,,
1.121940336,0.137223724,,,,
1.139049126,0.169067353,,,,
1.158084161,0.172436865,,,,
1.176063614,0.150754957,,,,
1.190555819,0.11014612,,,,
1.199847828,5.73E-02,,,,
1.202948407,-1.40E-03,,,,
1.199544453,-6.00E-02,,,,
1.18998017,-0.112381859,,,,
1.175279777,-0.152251289,,,,
1.157190865,-0.172881222,,,,
1.138176609,-0.168216599,,,,
1.121236034,-0.135032954,,,,
1.109431238,-7.59E-02,,,,
1.105132242,-8.40E-04,,,,
1.109253117,7.44E-02,,,,
1.120917114,0.134009325,,,,
1.137778292,0.167805314,,,,
1.156780783,0.173066019,,,,
1.174918027,0.152922764,,,,
1.189712535,0.113397165,,,,
1.199400835,6.12E-02,,,,
1.202943559,2.69E-03,,,,
1.199982234,-5.61E-02,,,,
1.190815726,-0.109112559,,,,
1.176420191,-0.150055221,,,,
1.158492707,-0.172214535,,,,
1.139450385,-0.169435795,,,,
1.122266831,-0.138207763,,,,
1.110021569,-8.06E-02,,,,
1.105158752,-6.19E-03,,,,
1.108710086,6.96E-02,,,,
1.119918613,0.130670263,,,,
1.136517494,0.166406715,,,,
1.155473112,0.173574599,,,,
1.173756429,0.154999204,,,,
1.188844946,0.116588706,,,,
1.19892467,6.50E-02,,,,
1.202907864,6.78E-03,,,,
1.200390563,-5.22E-02,,,,
1.191626401,-0.105786565,,,,
1.177543702,-0.147770658,,,,
1.159789072,-0.171429567,,,,
1.140732845,-0.170518948,,,,
1.1233211,-0.141255357,,,,
1.110647199,-8.52E-02,,,,
1.105225579,-1.15E-02,,,,
1.108203688,6.47E-02,,,,
1.118945767,0.127208693,,,,
1.135267763,0.164871314,,,,
1.154162064,0.173960932,,,,
1.172579516,0.156982106,,,,
1.187953511,0.119718595,,,,
1.198419561,6.89E-02,,,,
1.202841336,1.09E-02,,,,
1.200769247,-4.82E-02,,,,
1.192411776,-0.102406005,,,,
1.17864965,-0.145399791,,,,
1.161079075,-0.170528127,,,,
1.142022965,-0.171466598,,,,
1.124397877,-0.144174002,,,,
1.111307497,-8.98E-02,,,,
1.105332651,-1.69E-02,,,,
1.107734444,5.97E-02,,,,
1.117999492,0.123626949,,,,
1.134030132,0.16319901,,,,
1.152848567,0.174223404,,,,
1.171388004,0.158869309,,,,
1.187038702,0.122784671,,,,
1.197885754,7.26E-02,,,,
1.202744007,1.49E-02,,,,
1.201118103,-4.43E-02,,,,
1.193171448,-9.90E-02,,,,
1.179737393,-0.142944816,,,,
1.162361843,-0.169512072,,,,
1.143319726,-0.172279407,,,,
1.125496181,-0.146962142,,,,
1.1120018,-9.43E-02,,,,
1.105479857,-2.22E-02,,,,
1.107302836,5.47E-02,,,,
1.117080684,0.11992755,,,,
1.132805634,0.161389844,,,,
1.151533563,0.174360476,,,,
1.170182621,0.160658668,,,,
1.186101009,0.125784768,,,,
1.197323507,7.64E-02,,,,
1.202615923,1.90E-02,,,,
1.201436969,-4.03E-02,,,,
1.193905029,-9.55E-02,,,,
1.180806304,-0.140407935,,,,
1.163636519,-0.168383307,,,,
1.144622113,-0.172958153,,,,
1.126615024,-0.149618399,,,,
1.112729413,-9.86E-02,,,,
1.105667042,-2.75E-02,,,,
1.106909309,4.96E-02,,,,
1.116190221,0.116113198,,,,
1.131595301,0.159444002,,,,
1.150218001,0.17437068,,,,
1.168964114,0.162348056,,,,
1.185140937,0.128716709,,,,
1.196733097,8.01E-02,,,,
1.202457144,2.31E-02,,,,
1.201725691,-3.63E-02,,,,
1.194612147,-9.20E-02,,,,
1.181855774,-0.137791347,,,,
1.164902261,-0.167143776,,,,
1.145929117,-0.173503725,,,,
1.127753405,-0.152141571,,,,
1.113489614,-0.102890492,,,,
1.10589401,-3.27E-02,,,,
1.106554271,4.45E-02,,,,
1.115328959,0.112186775,,,,
1.130400163,0.157361824,,,,
1.148902846,0.174252627,,,,
1.167733246,0.163935364,,,,
1.18415901,0.131578311,,,,
1.196114812,8.38E-02,,,,
1.202267742,2.71E-02,,,,
1.201984136,-3.22E-02,,,,
1.195292445,-8.84E-02,,,,
1.18288521,-0.135097254,,,,
1.166158239,-0.165795466,,,,
1.147239738,-0.173917117,,,,
1.128910317,-0.154530624,,,,
1.11428165,-0.107059272,,,,
1.106160523,-3.79E-02,,,,
1.106238091,3.93E-02,,,,
1.114497733,0.108151345,,,,
1.129221246,0.155143806,,,,
1.14758907,0.174005013,,,,
1.166490794,0.16541851,,,,
1.183155766,0.134367385,,,,
1.195468958,8.74E-02,,,,
1.202047808,3.12E-02,,,,
1.20221218,-2.82E-02,,,,
1.195945584,-8.48E-02,,,,
1.183894035,-0.132327855,,,,
1.167403641,-0.164340392,,,,
1.148552983,-0.174199424,,,,
1.130084743,-0.156784695,,,,
1.115104744,-0.111123177,,,,
1.106466304,-4.31E-02,,,,
1.105961096,3.41E-02,,,,
1.113697353,0.104010149,,,,
1.128059573,0.152790604,,,,
1.146277654,0.173626623,,,,
1.165237553,0.166795437,,,,
1.182131761,0.137081737,,,,
1.194795856,9.10E-02,,,,
1.201797444,3.52E-02,,,,
1.202409718,-2.42E-02,,,,
1.196571237,-8.11E-02,,,,
1.184881689,-0.129485343,,,,
1.168637669,-0.162780606,,,,
1.149867866,-0.174351839,,,,
1.131275664,-0.158903084,,,,
1.115958091,-0.115078921,,,,
1.106811034,-4.83E-02,,,,
1.105723578,2.89E-02,,,,
1.112928605,9.98E-02,,,,
1.126916161,0.150303037,,,,
1.144969589,0.173116335,,,,
1.16397433,0.168064116,,,,
1.181087566,0.13971917,,,,
1.194095843,9.46E-02,,,,
1.201516768,3.92E-02,,,,
1.202576656,-2.01E-02,,,,
1.197169096,-7.74E-02,,,,
1.18584763,-0.126571911,,,,
1.169859541,-0.161118184,,,,
1.151183414,-0.174375641,,,,
1.132482053,-0.160885254,,,,
1.116840865,-0.118923392,,,,
1.107194354,-5.33E-02,,,,
1.105525783,2.36E-02,,,,
1.112192245,9.54E-02,,,,
1.12579202,0.147682092,,,,
1.143665876,0.172473128,,,,
1.16270195,0.169222556,,,,
1.18002377,0.142277481,,,,
1.19336927,9.81E-02,,,,
1.201205912,4.32E-02,,,,
1.202712916,-1.60E-02,,,,
1.197738867,-7.36E-02,,,,
1.18679133,-0.123589742,,,,
1.17106849,-0.159355228,,,,
1.15249866,-0.174272198,,,,
1.133702882,-0.162730825,,,,
1.117752213,-0.122653659,,,,
1.107615868,-5.84E-02,,,,
1.105367919,1.83E-02,,,,
1.111489007,9.10E-02,,,,
1.124688152,0.144928928,,,,
1.142367519,0.171696083,,,,
1.161421252,0.170268799,,,,
1.178940979,0.144754472,,,,
1.192616505,0.101497273,,,,
1.200865022,4.72E-02,,,,
1.202818436,-1.19E-02,,,,
1.19828027,-6.99E-02,,,,
1.187712278,-0.120541016,,,,
1.172263767,-0.157493859,,,,
1.15381265,-0.174042955,,,,
1.134937118,-0.164439567,,,,
1.118691264,-0.126266973,,,,
1.10807514,-6.34E-02,,,,
1.105250152,1.29E-02,,,,
1.110819592,8.65E-02,,,,
1.123605549,0.142044876,,,,
1.141075531,0.170784393,,,,
1.160133091,0.171200929,,,,
1.177839815,0.147147941,,,,
1.191837933,0.104892001,,,,
1.200494261,5.11E-02,,,,
1.202893166,-7.86E-03,,,,
1.198793041,-6.61E-02,,,,
1.188609982,-0.117427901,,,,
1.173444636,-0.155536219,,,,
1.155124441,-0.173689436,,,,
1.136183729,-0.166011403,,,,
1.119657127,-0.129760766,,,,
1.108571698,-6.83E-02,,,,
1.105172605,7.61E-03,,,,
1.110184671,8.18E-02,,,,
1.122545194,0.139031442,,,,
1.139790932,0.169737365,,,,
1.158838333,0.172017077,,,,
1.176720915,0.14945569,,,,
1.191033951,0.108232726,,,,
1.200093804,5.50E-02,,,,
1.202937071,-3.78E-03,,,,
1.199276934,-6.22E-02,,,,
1.189483963,-0.114252559,,,,
1.174610379,-0.153484464,,,,
1.156433101,-0.173213234,,,,
1.137441682,-0.167446397,,,,
1.120648889,-0.133132654,,,,
1.109105031,-7.31E-02,,,,
1.105135359,2.26E-03,,,,
1.109584885,7.71E-02,,,,
1.121508056,0.135890315,,,,
1.138514745,0.168554425,,,,
1.157537862,0.172715421,,,,
1.175584935,0.151675526,,,,
1.190204976,0.111517324,,,,
1.199663842,5.89E-02,,,,
1.20295013,3.14E-04,,,,
1.199731713,-5.83E-02,,,,
1.19033376,-0.111017143,,,,
1.175760295,-0.151340764,,,,
1.157737711,-0.172616006,,,,
1.138709946,-0.168744753,,,,
1.121665623,-0.136380435,,,,
1.109674596,-7.79E-02,,,,
1.105138454,-3.08E-03,,,,
1.109020842,7.24E-02,,,,
1.120495091,0.132623358,,,,
1.137247996,0.167235125,,,,
1.156232571,0.173294192,,,,
1.174432546,0.153805262,,,,
1.18935144,0.114743663,,,,
1.199204582,6.28E-02,,,,
1.202932338,4.40E-03,,,,
1.200157161,-5.44E-02,,,,
1.191158929,-0.107723796,,,,
1.176893698,-0.149107298,,,,
1.159037363,-0.171899472,,,,
1.13998749,-0.16990681,,,,
1.122706386,-0.139502089,,,,
1.110279812,-8.26E-02,,,,
1.105181886,-8.43E-03,,,,
1.108493116,6.75E-02,,,,
1.119507243,0.129232621,,,,
1.135991716,0.165779148,,,,
1.154923371,0.17375168,,,,
1.173264436,0.155842718,,,,
1.188473789,0.117909598,,,,
1.198716243,6.66E-02,,,,
1.202883702,8.49E-03,,,,
1.200553075,-5.05E-02,,,,
1.191959038,-0.104374649,,,,
1.178009919,-0.146786256,,,,
1.160331166,-0.171065411,,,,
1.141273289,-0.170933034,,,,
1.123770217,-0.142495778,,,,
1.110920067,-8.72E-02,,,,
1.10526561,-1.38E-02,,,,
1.108002247,6.26E-02,,,,
1.118545435,0.125720332,,,,
1.134746937,0.164186309,,,,
1.153611182,0.174086234,,,,
1.172081309,0.157785729,,,,
1.187572487,0.121012975,,,,
1.198199062,7.05E-02,,,,
1.202804246,1.26E-02,,,,
1.200919264,-4.66E-02,,,,
1.192733677,-0.100971823,,,,
1.179108306,-0.14437983,,,,
1.161618238,-0.170115651,,,,
1.142566319,-0.171824019,,,,
1.124856147,-0.145359843,,,,
1.111594716,-9.17E-02,,,,
1.105389538,-1.91E-02,,,,
1.107548738,5.76E-02,,,,
1.117610576,0.122088904,,,,
1.13351469,0.162456566,,,,
1.152296937,0.174296274,,,,
1.170883887,0.159632138,,,,
1.186648016,0.124051632,,,,
1.19765329,7.42E-02,,,,
1.202694007,1.67E-02,,,,
1.201255556,-4.26E-02,,,,
1.193482448,-9.75E-02,,,,
1.180188223,-0.141890221,,,,
1.162897715,-0.16905207,,,,
1.143865564,-0.172580476,,,,
1.12596319,-0.148092805,,,,
1.112303082,-9.61E-02,,,,
1.10555354,-2.44E-02,,,,
1.107133056,5.26E-02,,,,
1.116703556,0.118340933,,,,
1.13229601,0.16059002,,,,
1.150981583,0.174380288,,,,
1.169672906,0.161379808,,,,
1.18570087,0.127023397,,,,
1.197079192,7.80E-02,,,,
1.202553035,2.07E-02,,,,
1.201561791,-3.86E-02,,,,
1.19420497,-9.40E-02,,,,
1.18124905,-0.139319628,,,,
1.164168744,-0.16787659,,,,
1.14517001,-0.173203229,,,,
1.127090353,-0.150693358,,,,
1.113044458,-0.100424137,,,,
1.105757443,-2.97E-02,,,,
1.106755631,4.75E-02,,,,
1.115825242,0.114479196,,,,
1.131091927,0.158586923,,,,
1.149666074,0.174336841,,,,
1.168449119,0.16302662,,,,
1.184731564,0.129926091,,,,
1.196477049,8.17E-02,,,,
1.202381397,2.48E-02,,,,
1.201837826,-3.46E-02,,,,
1.194900877,-9.05E-02,,,,
1.182290185,-0.136670252,,,,
1.165430489,-0.166591173,,,,
1.146478653,-0.173693213,,,,
1.128236632,-0.153160371,,,,
1.11381811,-0.104652209,,,,
1.106001035,-3.49E-02,,,,
1.106416854,4.23E-02,,,,
1.114976483,0.110506652,,,,
1.129903471,0.156447679,,,,
1.148351379,0.17416458,,,,
1.167213295,0.164570476,,,,
1.183740626,0.132757528,,,,
1.195847159,8.53E-02,,,,
1.202179173,2.88E-02,,,,
1.202083528,-3.06E-02,,,,
1.19556982,-8.69E-02,,,,
1.183311042,-0.133944294,,,,
1.166682127,-0.165197819,,,,
1.147790496,-0.174051464,,,,
1.129401017,-0.155492883,,,,
1.114623274,-0.108777397,,,,
1.106284061,-4.01E-02,,,,
1.106117078,3.71E-02,,,,
1.114158103,0.106426439,,,,
1.128731665,0.154172851,,,,
1.147038472,0.173862237,,,,
1.165966218,0.166009302,,,,
1.182728602,0.135515517,,,,
1.195189832,8.89E-02,,,,
1.201946457,3.29E-02,,,,
1.202298785,-2.65E-02,,,,
1.196211465,-8.32E-02,,,,
1.184311051,-0.13114395,,,,
1.167922853,-0.163698558,,,,
1.149104547,-0.17427912,,,,
1.130582489,-0.1576901,,,,
1.115459161,-0.11279631,,,,
1.106606225,-4.53E-02,,,,
1.105856615,3.19E-02,,,,
1.1133709,0.102241872,,,,
1.12757753,0.151763161,,,,
1.145728342,0.173428635,,,,
1.164708689,0.167341055,,,,
1.181696055,0.138197863,,,,
1.194505397,9.25E-02,,,,
1.20168336,3.69E-02,,,,
1.202483493,-2.25E-02,,,,
1.196825493,-7.95E-02,,,,
1.18528966,-0.128271415,,,,
1.169151875,-0.162095453,,,,
1.150419828,-0.17437741,,,,
1.131780025,-0.159751389,,,,
1.116324957,-0.116705733,,,,
1.106967193,-5.04E-02,,,,
1.105635736,2.66E-02,,,,
1.112615651,9.80E-02,,,,
1.126442081,0.149219501,,,,
1.144421981,0.172862694,,,,
1.163441523,0.16856372,,,,
1.180643563,0.140802365,,,,
1.193794196,9.60E-02,,,,
1.201390003,4.09E-02,,,,
1.202637568,-1.84E-02,,,,
1.197411601,-7.58E-02,,,,
1.186246332,-0.125328876,,,,
1.170368417,-0.160390591,,,,
1.151735366,-0.17434765,,,,
1.132992598,-0.161676281,,,,
1.117219825,-0.120502632,,,,
1.107366589,-5.55E-02,,,,
1.105454673,2.14E-02,,,,
1.111893102,9.36E-02,,,,
1.125326325,0.146542928,,,,
1.143120391,0.172163436,,,,
1.16216555,0.169675319,,,,
1.179571723,0.143326823,,,,
1.193056587,9.95E-02,,,,
1.201066527,4.49E-02,,,,
1.202760938,-1.43E-02,,,,
1.197969502,-7.21E-02,,,,
1.187180547,-0.122318516,,,,
1.17157172,-0.158586082,,,,
1.1530502,-0.174191243,,,,
1.134219178,-0.16346446,,,,
1.118142904,-0.124184152,,,,
1.107804001,-6.05E-02,,,,
1.105313615,1.60E-02,,,,
1.111203971,8.91E-02,,,,
1.124231259,0.143734672,,,,
1.141824583,0.171329988,,,,
1.160881616,0.170673912,,,,
1.178481146,0.145769037,,,,
1.192292946,0.102928096,,,,
1.200713083,4.88E-02,,,,
1.202853543,-1.02E-02,,,,
1.198498923,-6.83E-02,,,,
1.188091802,-0.119242509,,,,
1.17276104,-0.156684057,,,,
1.154363382,-0.173909666,,,,
1.135458732,-0.165115759,,,,
1.119093315,-0.127747618,,,,
1.108278978,-6.54E-02,,,,
1.105212711,1.07E-02,,,,
1.110548949,8.45E-02,,,,
1.123157872,0.14079614,,,,
1.140535572,0.17036159,,,,
1.15959058,0.171557603,,,,
1.177372461,0.148126807,,,,
1.191503663,0.106300423,,,,
1.20032984,5.28E-02,,,,
1.202915343,-6.15E-03,,,,
1.198999607,-6.44E-02,,,,
1.188979609,-0.116103022,,,,
1.173935649,-0.154686665,,,,
1.155673972,-0.173504473,,,,
1.136710228,-0.166630162,,,,
1.120070156,-0.131190541,,,,
1.10879103,-7.03E-02,,,,
1.105152066,5.37E-03,,,,
1.109928695,7.99E-02,,,,
1.122107142,0.137728912,,,,
1.139254377,0.169257597,,,,
1.158293317,0.172324541,,,,
1.176246314,0.150397935,,,,
1.190689143,0.109617857,,,,
1.199916979,5.67E-02,,,,
1.202946307,-2.06E-03,,,,
1.199471311,-6.06E-02,,,,
1.189843498,-0.112902212,,,,
1.175094836,-0.152596066,,,,
1.156981044,-0.172977284,,,,
1.137972633,-0.168007792,,,,
1.121072511,-0.134510613,,,,
1.109339634,-7.51E-02,,,,
1.105131744,1.98E-05,,,,
1.109343834,7.52E-02,,,,
1.121080031,0.13453475,,,,
1.137982025,0.16801749,,,,
1.156990714,0.172972926,,,,
1.175103366,0.152580232,,,,
1.189849809,0.112878271,,,,
1.199474698,6.06E-02,,,,
1.202946421,2.03E-03,,,,
1.199913809,-5.67E-02,,,,
1.190683014,-0.109642229,,,,
1.176237906,-0.150414435,,,,
1.158283683,-0.172329784,,,,
1.139244916,-0.169248909,,,,
1.122099443,-0.137705708,,,,
1.10992423,-7.98E-02,,,,
1.105151767,-5.33E-03,,,,
1.108794961,7.03E-02,,,,
1.120077491,0.131215597,,,,
1.136719543,0.166640873,,,,
1.155683671,0.173501013,,,,
1.173944296,0.154671514,,,,
1.188986099,0.116079527,,,,
1.199003209,6.44E-02,,,,
1.202915686,6.12E-03,,,,
1.200326889,-5.28E-02,,,,
1.19149772,-0.106325209,,,,
1.17736418,-0.148143957,,,,
1.159580989,-0.171563718,,,,
1.140526048,-0.170353909,,,,
1.123150002,-0.140773883,,,,
1.110544225,-8.45E-02,,,,
1.105212113,-1.07E-02,,,,
1.108282636,6.55E-02,,,,
1.119100457,0.127773576,,,,
1.135467963,0.165127484,,,,
1.154373104,0.173907116,,,,
1.172769799,0.156669605,,,,
1.188098467,0.119219476,,,,
1.198502739,6.82E-02,,,,
1.202854115,1.02E-02,,,,
1.200710353,-4.89E-02,,,,
1.192287192,-0.102953282,,,,
1.178472997,-0.145786821,,,,
1.160872074,-0.170680885,,,,
1.141815006,-0.171323309,,,,
1.124223225,-0.143713375,,,,
1.111198991,-8.91E-02,,,,
1.10531272,-1.60E-02,,,,
1.107807383,6.05E-02,,,,
1.118149847,0.124210994,,,,
1.134228316,0.163477199,,,,
1.153059938,0.174189615,,,,
1.171580585,0.158572344,,,,
1.187187384,0.122295962,,,,
1.19797353,7.20E-02,,,,
1.202761737,1.43E-02,,,,
1.201064018,-4.49E-02,,,,
1.193051024,-9.95E-02,,,,
1.17956371,-0.143345225,,,,
1.162156064,-0.169683136,,,,
1.143110767,-0.172157755,,,,
1.125318133,-0.146522602,,,,
1.111887872,-9.35E-02,,,,
1.10545348,-2.13E-02,,,,
1.107369691,5.55E-02,,,,
1.117226562,0.12053034,,,,
1.133001637,0.161690035,,,,
1.151745112,0.174346955,,,,
1.170377383,0.160377583,,,,
1.186253338,0.125306816,,,,
1.197415839,7.58E-02,,,,
1.202638596,1.84E-02,,,,
1.201387717,-4.09E-02,,,,
1.193788827,-9.61E-02,,,,
1.180635692,-0.140821368,,,,
1.163432099,-0.168572367,,,,
1.144412317,-0.172858004,,,,
1.12643374,-0.149200155,,,,
1.112610176,-9.79E-02,,,,
1.105634247,-2.66E-02,,,,
1.106970012,5.04E-02,,,,
1.116331482,0.116734285,,,,
1.131788956,0.159766155,,,,
1.150429576,0.174377658,,,,
1.169160936,0.162083192,,,,
1.18529683,0.128249866,,,,
1.196829939,7.95E-02,,,,
1.202484748,2.24E-02,,,,
1.201681297,-3.69E-02,,,,
1.194500225,-9.25E-02,,,,
1.181688329,-0.138217451,,,,
1.164699334,-0.167350518,,,,
1.145718646,-0.173424929,,,,
1.127569047,-0.151744805,,,,
1.113365186,-0.102210484,,,,
1.105854832,-3.19E-02,,,,
1.106608758,4.53E-02,,,,
1.115465467,0.112825685,,,,
1.130591305,0.157705874,,,,
1.14911429,0.174280323,,,,
1.167932004,0.163687058,,,,
1.184318382,0.131122928,,,,
1.196216117,8.32E-02,,,,
1.202300266,2.65E-02,,,,
1.20194462,-3.29E-02,,,,
1.19518486,-8.90E-02,,,,
1.182721026,-0.135535674,,,,
1.165956937,-0.166019567,,,,
1.147028753,-0.173859508,,,,
1.128723046,-0.15415549,,,,
1.114152154,-0.106395812,,,,
1.106115003,-3.71E-02,,,,
1.106286304,4.02E-02,,,,
1.114629356,0.108807572,,,,
1.12940971,0.155509663,,,,
1.147800226,0.17405363,,,,
1.166691362,0.165187096,,,,
1.183318529,0.133923814,,,,
1.195574675,8.68E-02,,,,
1.202085236,3.05E-02,,,,
1.202177561,-2.89E-02,,,,
1.195842388,-8.53E-02,,,,
1.183733204,-0.132778237,,,,
1.167204095,-0.164581526,,,,
1.148341642,-0.174162819,,,,
1.129894725,-0.156431321,,,,
1.114970306,-0.11047681,,,,
1.106414489,-4.23E-02,,,,
1.106002988,3.49E-02,,,,
1.113823961,0.104683159,,,,
1.128245195,0.153178151,,,,
1.146488364,0.17369635,,,,
1.165439801,0.166581243,,,,
1.182297825,0.136650332,,,,
1.194905933,9.04E-02,,,,
1.201839758,3.46E-02,,,,
1.202380011,-2.48E-02,,,,
1.196472483,-8.17E-02,,,,
1.1847243,-0.129947336,,,,
1.168440005,-0.163038441,,,,
1.149656328,-0.17433604,,,,
1.131083062,-0.158571572,,,,
1.115818843,-0.114450164,,,,
1.106752978,-4.74E-02,,,,
1.105759102,2.97E-02,,,,
1.113050073,0.100455837,,,,
1.127098777,0.150712131,,,,
1.145179693,0.173207347,,,,
1.164178128,0.167867467,,,,
1.181256838,0.139300283,,,,
1.194210225,9.40E-02,,,,
1.201563948,3.86E-02,,,,
1.202551876,-2.07E-02,,,,
1.197074833,-7.80E-02,,,,
1.185693769,-0.127045162,,,,
1.169663884,-0.161392385,,,,
1.150971834,-0.174380436,,,,
1.132287033,-0.160575679,,,,
1.116696941,-0.118312733,,,,
1.107130118,-5.25E-02,,,,
1.105554904,2.44E-02,,,,
1.112308455,9.61E-02,,,,
1.125971469,0.148112563,,,,
1.143875212,0.172585581,,,,
1.162907165,0.169043769,,,,
1.180196154,0.141871468,,,,
1.193487899,9.75E-02,,,,
1.201257936,4.26E-02,,,,
1.202693075,-1.67E-02,,,,
1.19764914,-7.43E-02,,,,
1.18664108,-0.124073901,,,,
1.170874963,-0.159645454,,,,
1.152287194,-0.174297362,,,,
1.133505609,-0.162443238,,,,
1.117603752,-0.122061557,,,,
1.107545518,-5.76E-02,,,,
1.105390606,1.91E-02,,,,
1.111599842,9.17E-02,,,,
1.124864273,0.145380578,,,,
1.142575925,0.171830118,,,,
1.161627748,0.170108186,,,,
1.179116377,0.144361686,,,,
1.192739321,0.100946413,,,,
1.200921866,4.65E-02,,,,
1.202803543,-1.26E-02,,,,
1.198195123,-7.05E-02,,,,
1.187565722,-0.121035732,,,,
1.172072488,-0.157799768,,,,
1.15360145,-0.17408825,,,,
1.134737758,-0.164173995,,,,
1.118538407,-0.125693858,,,,
1.107998748,-6.26E-02,,,,
1.105266381,1.38E-02,,,,
1.110924941,8.72E-02,,,,
1.123778184,0.142517479,,,,
1.141282845,0.170940133,,,,
1.160340729,0.171058797,,,,
1.178018125,0.146768736,,,,
1.191964873,0.104349629,,,,
1.200555898,5.05E-02,,,,
1.202883227,-8.52E-03,,,,
1.198712517,-6.67E-02,,,,
1.188467197,-0.117932826,,,,
1.173255723,-0.155857466,,,,
1.154913658,-0.173754613,,,,
1.135982449,-0.165767848,,,,
1.119500019,-0.129207039,,,,
1.108489343,-6.75E-02,,,,
1.105182358,8.47E-03,,,,
1.110284428,8.26E-02,,,,
1.122714185,0.139524744,,,,
1.139996989,0.169914913,,,,
1.159046973,0.171893722,,,,
1.176902033,0.149090419,,,,
1.19116495,0.107699182,,,,
1.200160204,5.44E-02,,,,
1.202932091,-4.43E-03,,,,
1.19920107,-6.28E-02,,,,
1.189345024,-0.114767347,,,,
1.174423947,-0.153820701,,,,
1.156222884,-0.17329803,,,,
1.137238647,-0.16722484,,,,
1.120487678,-0.132598686,,,,
1.109016798,-7.23E-02,,,,
1.105138627,3.12E-03,,,,
1.10967895,7.79E-02,,,,
1.121673248,0.136404032,,,,
1.138719379,0.168753864,,,,
1.15774736,0.172611133,,,,
1.175768755,0.151324541,,,,
1.190339966,0.11099295,,,,
1.199734974,5.83E-02,,,,
1.202950111,-3.44E-04,,,,
1.199660547,-5.90E-02,,,,
1.190198741,-0.111541448,,,,
1.175576455,-0.151691641,,,,
1.157528206,-0.172720152,,,,
1.138505322,-0.168545151,,,,
1.12150046,-0.135866567,,,,
1.109580573,-7.71E-02,,,,
1.105135233,-2.22E-03,,,,
1.109109119,7.31E-02,,,,
1.120656332,0.133157179,,,,
1.137451043,0.16745652,,,,
1.156442784,0.173209251,,,,
1.174618959,0.153468915,,,,
1.18949035,0.114228803,,,,
1.199280411,6.22E-02,,,,
1.202937281,3.75E-03,,,,
1.200090726,-5.51E-02,,,,
1.1910279,-0.108257273,,,,
1.176712559,-0.149472465,,,,
1.158828717,-0.172022688,,,,
1.139781444,-0.1697291,,,,
1.122537422,-0.139008634,,,,
1.110180097,-8.18E-02,,,,
1.10517218,-7.57E-03,,,,
1.108575515,6.83E-02,,,,
1.119664381,0.129786203,,,,
1.13619301,0.166022539,,,,
1.155134151,0.173686357,,,,
1.17345333,0.155521359,,,,
1.188616546,0.117404598,,,,
1.198796734,6.60E-02,,,,
1.202893605,7.83E-03,,,,
1.200491402,-5.11E-02,,,,
1.191832068,-0.104916956,,,,
1.177831588,-0.147165359,,,,
1.16012352,-0.171207406,,,,
1.141065984,-0.170777134,,,,
1.123597609,-0.14202302,,,,
1.110814759,-8.64E-02,,,,
1.105249429,-1.29E-02,,,,
1.108078683,6.34E-02,,,,
1.118698324,0.126293304,,,,
1.134946311,0.164451718,,,,
1.153822379,0.174040791,,,,
1.172272571,0.157479704,,,,
1.187719016,0.120518182,,,,
1.198284175,6.98E-02,,,,
1.202819103,1.19E-02,,,,
1.200862384,-4.72E-02,,,,
1.192610831,-0.101522621,,,,
1.178932887,-0.144772517,,,,
1.161411734,-0.170276128,,,,
1.14235792,-0.171689824,,,,
1.12468005,-0.144908037,,,,
1.111483922,-9.10E-02,,,,
1.105366899,-1.82E-02,,,,
1.107619133,5.84E-02,,,,
1.11775907,0.122680867,,,,
1.133711979,0.162743989,,,,
1.152508402,0.17427096,,,,
1.171077398,0.159341794,,,,
1.186798238,0.123567394,,,,
1.197742983,7.36E-02,,,,
1.202713812,1.60E-02,,,,
1.201203496,-4.32E-02,,,,
1.193363788,-9.81E-02,,,,
1.180015816,-0.142296137,,,,
1.16269249,-0.169230723,,,,
1.143656234,-0.172467863,,,,
1.125783764,-0.147662176,,,,
1.112186912,-9.54E-02,,,,
1.105524466,-2.35E-02,,,,
1.107197338,5.34E-02,,,,
1.116847513,0.118951457,,,,
1.132491048,0.160899433,,,,
1.151193162,0.174375341,,,,
1.169868547,0.161105488,,,,
1.185854705,0.126550064,,,,
1.197173422,7.74E-02,,,,
1.202577778,2.01E-02,,,,
1.201514575,-3.92E-02,,,,
1.194090556,-9.46E-02,,,,
1.181079755,-0.13973842,,,,
1.163964934,-0.168073108,,,,
1.144959912,-0.173112059,,,,
1.126907759,-0.150284105,,,,
1.112923028,-9.97E-02,,,,
1.105721966,-2.88E-02,,,,
1.106813733,4.83E-02,,,,
1.115964525,0.115107821,,,,
1.131284548,0.158918273,,,,
1.149877613,0.174352486,,,,
1.168646768,0.162768663,,,,
1.184888927,0.129464013,,,,
1.19657577,8.11E-02,,,,
1.202411067,2.41E-02,,,,
1.201795476,-3.52E-02,,,,
1.194790768,-9.10E-02,,,,
1.182124097,-0.137101566,,,,
1.165228228,-0.166805238,,,,
1.146267948,-0.173623328,,,,
1.128051032,-0.152772664,,,,
1.11369154,-0.103979077,,,,
1.105959191,-3.41E-02,,,,
1.106468716,4.32E-02,,,,
1.115110957,0.111152891,,,,
1.130093509,0.156800892,,,,
1.148562721,0.17420103,,,,
1.167412828,0.164329217,,,,
1.183901432,0.132307058,,,,
1.195950321,8.47E-02,,,,
1.202213756,2.82E-02,,,,
1.202046065,-3.12E-02,,,,
1.19546407,-8.74E-02,,,,
1.183148254,-0.134387776,,,,
1.166481547,-0.165429106,,,,
1.147579342,-0.174002692,,,,
1.129212573,-0.155126865,,,,
1.114491688,-0.108121044,,,,
1.106235894,-3.93E-02,,,,
1.106162645,3.80E-02,,,,
1.114287636,0.107089775,,,,
1.128918956,0.154547824,,,,
1.147249461,0.173919689,,,,
1.166167507,0.165785074,,,,
1.182892762,0.135077008,,,,
1.195297385,8.84E-02,,,,
1.201985937,3.22E-02,,,,
1.202266225,-2.72E-02,,,,
1.196110127,-8.38E-02,,,,
1.184151654,-0.131599247,,,,
1.167724081,-0.16394674,,,,
1.148893105,-0.17425127,,,,
1.130391366,-0.157345888,,,,
1.115322688,-0.11215727,,,,
1.106551785,-4.45E-02,,,,
1.105895839,3.27E-02,,,,
1.113495367,0.10292176,,,,
1.127761911,0.152159768,,,,
1.145938817,0.173507273,,,,
1.164911604,0.167134183,,,,
1.181863477,0.137771667,,,,
1.194617287,9.19E-02,,,,
1.201727718,3.62E-02,,,,
1.202455853,-2.31E-02,,,,
1.196728617,-8.01E-02,,,,
1.185133741,-0.128738175,,,,
1.168955038,-0.162360195,,,,
1.150208254,-0.174370279,,,,
1.131586388,-0.159429074,,,,
1.11618373,-0.116084512,,,,
1.106906536,-4.96E-02,,,,
1.105668578,2.75E-02,,,,
1.112734928,9.87E-02,,,,
1.126623389,0.149637587,,,,
1.144631782,0.172962684,,,,
1.163645932,0.168374527,,,,
1.180814153,0.140388837,,,,
1.193910367,9.55E-02,,,,
1.201439219,4.02E-02,,,,
1.20261486,-1.90E-02,,,,
1.197319236,-7.64E-02,,,,
1.186093976,-0.125806747,,,,
1.170173639,-0.160671557,,,,
1.151523815,-0.17436102,,,,
1.132796613,-0.161375928,,,,
1.11707398,-0.119899705,,,,
1.107299779,-5.47E-02,,,,
1.105481097,2.22E-02,,,,
1.11200707,9.43E-02,,,,
1.125504398,0.146982311,,,,
1.143329357,0.172284929,,,,
1.162371319,0.16950412,,,,
1.179745384,0.142926317,,,,
1.193176981,9.89E-02,,,,
1.201120577,4.42E-02,,,,
1.202743171,-1.50E-02,,,,
1.197881692,-7.27E-02,,,,
1.187031837,-0.122807147,,,,
1.171379122,-0.15888293,,,,
1.152838828,-0.174224883,,,,
1.134021009,-0.163186108,,,,
1.117992581,-0.123599966,,,,
1.107731107,-5.97E-02,,,,
1.105333595,1.69E-02,,,,
1.111312518,8.98E-02,,,,
1.124405937,0.144195143,,,,
1.142032551,0.171473116,,,,
1.161088608,0.170521017,,,,
1.178657778,0.145381906,,,,
1.1924175,0.102380757,,,,
1.200771941,4.82E-02,,,,
1.202840728,-1.09E-02,,,,
1.198415711,-6.89E-02,,,,
1.187946818,-0.119741551,,,,
1.17257074,-0.156996444,,,,
1.154152339,-0.173963334,,,,
1.135258547,-0.164859426,,,,
1.118938657,-0.127182591,,,,
1.108200074,-6.46E-02,,,,
1.105226224,1.16E-02,,,,
1.110651965,8.53E-02,,,,
1.123328998,0.14127746,,,,
1.140742378,0.170526468,,,,
1.159798656,0.171423314,,,,
1.177551962,0.147753405,,,,
1.191632314,0.105761714,,,,
1.200393479,5.21E-02,,,,
1.202907484,-6.81E-03,,,,
1.198921033,-6.51E-02,,,,
1.188838428,-0.116612128,,,,
1.173747763,-0.155014244,,,,
1.155463408,-0.173577914,,,,
1.136508191,-0.166395841,,,,
1.119911309,-0.130645061,,,,
1.108706198,-6.95E-02,,,,
1.105159099,6.23E-03,,,,
1.110026075,8.06E-02,,,,
1.122274558,0.138230816,,,,
1.139459857,0.169444321,,,,
1.158502334,0.172209151,,,,
1.176428579,0.150038616,,,,
1.190821825,0.109088119,,,,
1.199985368,5.61E-02,,,,
1.202943408,-2.72E-03,,,,
1.199397414,-6.12E-02,,,,
1.189706195,-0.113421035,,,,
1.174909478,-0.152938488,,,,
1.156771108,-0.173070233,,,,
1.137768911,-0.167795453,,,,
1.120909623,-0.133985039,,,,
1.10924896,-7.43E-02,,,,
1.10513229,8.80E-04,,,,
1.109435481,7.59E-02,,,,
1.121243584,0.135056942,,,,
1.138186013,0.168226134,,,,
1.157200529,0.172876722,,,,
1.175288288,0.152235347,,,,
1.189986452,0.112357847,,,,
1.199547805,5.99E-02,,,,
1.202948485,1.37E-03,,,,
1.199844624,-5.73E-02,,,,
1.190549661,-0.110170424,,,,
1.176055186,-0.150771351,,,,
1.158074521,-0.172441966,,,,
1.139039675,-0.169058502,,,,
1.121932666,-0.137200369,,,,
1.109827807,-7.91E-02,,,,
1.105145825,-4.47E-03,,,,
1.108880782,7.11E-02,,,,
1.120237029,0.131757753,,,,
1.136921875,0.166871493,,,,
1.15589414,0.173424271,,,,
1.174131764,0.154341413,,,,
1.189126632,0.115568762,,,,
1.199080998,6.38E-02,,,,
1.20292271,5.46E-03,,,,
1.200262449,-5.34E-02,,,,
1.191368386,-0.106862434,,,,
1.177184207,-0.148515014,,,,
1.159372745,-0.171694849,,,,
1.140319454,-0.170185361,,,,
1.12297949,-0.14028908,,,,
1.11044215,-8.38E-02,,,,
1.105199689,-9.81E-03,,,,
1.108362543,6.63E-02,,,,
1.11925583,0.128335341,,,,
1.135668471,0.165380113,,,,
1.154584077,0.173850104,,,,
1.1729597,0.156354638,,,,
1.188242816,0.118718717,,,,
1.198585173,6.76E-02,,,,
1.202866097,9.55E-03,,,,
1.200650688,-4.95E-02,,,,
1.192161944,-0.103499193,,,,
1.178295875,-0.146171667,,,,
1.16066489,-0.170830671,,,,
1.141607222,-0.17117653,,,,
1.124049133,-0.143249379,,,,
1.111091368,-8.83E-02,,,,
1.105293827,-1.51E-02,,,,
1.107881294,6.13E-02,,,,
1.11830091,0.124791985,,,,
1.134426836,0.163751847,,,,
1.153271266,0.174152588,,,,
1.171772805,0.158272857,,,,
1.187335473,0.121805555,,,,
1.198060569,7.14E-02,,,,
1.202778671,1.36E-02,,,,
1.201009157,-4.55E-02,,,,
1.192929926,-0.100082822,,,,
1.179389543,-0.143743506,,,,
1.16195008,-0.169851277,,,,
1.142901958,-0.172032631,,,,
1.125140621,-0.146079655,,,,
1.111774808,-9.28E-02,,,,
1.105428138,-2.05E-02,,,,
1.10743753,5.63E-02,,,,
1.11737317,0.121130144,,,,
1.133198001,0.161986689,,,,
1.151956643,0.174330159,,,,
1.170571803,0.160093921,,,,
1.186405086,0.124827111,,,,
1.197507441,7.52E-02,,,,
1.202660474,1.77E-02,,,,
1.201337686,-4.16E-02,,,,
1.193671941,-9.66E-02,,,,
1.180464579,-0.14123273,,,,
1.163227451,-0.168758555,,,,
1.144202645,-0.172754407,,,,
1.126252966,-0.148778473,,,,
1.112491784,-9.72E-02,,,,
1.105602483,-2.58E-02,,,,
1.107031708,5.13E-02,,,,
1.116473495,0.117352462,,,,
1.131982999,0.160084779,,,,
1.150641157,0.174381325,,,,
1.169357435,0.161815696,,,,
1.185452156,0.127781212,,,,
1.196926059,7.89E-02,,,,
1.20251156,2.18E-02,,,,
1.20163612,-3.76E-02,,,,
1.19438761,-9.31E-02,,,,
1.181520367,-0.13864154,,,,
1.164496158,-0.167554438,,,,
1.145508274,-0.17334271,,,,
1.127385172,-0.151344573,,,,
1.113241584,-0.101527868,,,,
1.105816679,-3.10E-02,,,,
1.106664248,4.61E-02,,,,
1.115602749,0.113461761,,,,
1.130782861,0.158046408,,,,
1.149325766,0.174304673,,,,
1.168130459,0.163436067,,,,
1.184477201,0.130665678,,,,
1.196316707,8.26E-02,,,,
1.202331999,2.58E-02,,,,
1.201904318,-3.35E-02,,,,
1.195076573,-8.95E-02,,,,
1.182556311,-0.135972137,,,,
1.165755366,-0.166240898,,,,
1.14681784,-0.173798503,,,,
1.128536234,-0.153776868,,,,
1.114023464,-0.105729653,,,,
1.1060705,-3.63E-02,,,,
1.106335531,4.10E-02,,,,
1.114761772,0.109461048,,,,
1.129598615,0.155872019,,,,
1.148011439,0.174098869,,,,
1.166891647,0.164952943,,,,
1.183480754,0.13347832,,,,
1.195679687,8.63E-02,,,,
1.202121875,2.99E-02,,,,
1.202142152,-2.95E-02,,,,
1.195738483,-8.59E-02,,,,
1.183571827,-0.13322672,,,,
1.167004257,-0.164819943,,,,
1.148130349,-0.174122849,,,,
1.129705138,-0.15607444,,,,
1.114836654,-0.109827659,,,,
1.106363684,-4.15E-02,,,,
1.106045899,3.58E-02,,,,
1.113951384,0.105353508,,,,
1.128431284,0.153562218,,,,
1.146699156,0.173762671,,,,
1.165641789,0.166364258,,,,
1.182463365,0.136216946,,,,
1.195015313,8.99E-02,,,,
1.201881287,3.39E-02,,,,
1.202349513,-2.55E-02,,,,
1.196373012,-8.23E-02,,,,
1.184566351,-0.130407486,,,,
1.16824203,-0.163293613,,,,
1.149444812,-0.174316909,,,,
1.130890865,-0.158236538,,,,
1.11568036,-0.113818541,,,,
1.106695923,-4.66E-02,,,,
1.105795654,3.05E-02,,,,
1.113172377,0.1011425,,,,
1.127281888,0.15111777,,,,
1.145389905,0.173294924,,,,
1.164381687,0.167667974,,,,
1.1814256,0.138879359,,,,
1.194323918,9.34E-02,,,,
1.201610347,3.79E-02,,,,
1.202526303,-2.14E-02,,,,
1.196979844,-7.86E-02,,,,
1.185539334,-0.127516627,,,,
1.169467896,-0.161663976,,,,
1.150760252,-0.174381934,,,,
1.132092391,-0.160262572,,,,
1.11655376,-0.117699131,,,,
1.107066872,-5.17E-02,,,,
1.105585057,2.53E-02,,,,
1.112425518,9.68E-02,,,,
1.126151439,0.148539609,,,,
1.144084682,0.172694576,,,,
1.163112162,0.168862088,,,,
1.180368044,0.141463361,,,,
1.193605849,9.69E-02,,,,
1.201309183,4.19E-02,,,,
1.202672439,-1.73E-02,,,,
1.19755868,-7.49E-02,,,,
1.186490244,-0.124556329,,,,
1.170681085,-0.159933125,,,,
1.152075699,-0.174319266,,,,
1.133308687,-0.162152112,,,,
1.117456011,-0.121466441,,,,
1.107476146,-5.68E-02,,,,
1.105414329,2.00E-02,,,,
1.111711549,9.24E-02,,,,
1.125040941,0.145828836,,,,
1.142784492,0.171960674,,,,
1.161834047,0.16994463,,,,
1.179291296,0.143966749,,,,
1.192861468,0.10039422,,,,
1.200977937,4.59E-02,,,,
1.202787853,-1.33E-02,,,,
1.198109237,-7.11E-02,,,,
1.187418566,-0.121528774,,,,
1.17188084,-0.158103178,,,,
1.153390197,-0.174130324,,,,
1.134538723,-0.163904881,,,,
1.118386248,-0.125117662,,,,
1.107923323,-6.18E-02,,,,
1.105283649,1.47E-02,,,,
1.111031179,8.79E-02,,,,
1.12395139,0.142986728,,,,
1.141490345,0.171092374,,,,
1.160548193,0.170913672,,,,
1.178195973,0.146387322,,,,
1.192091154,0.103805869,,,,
1.200616765,4.98E-02,,,,
1.20287249,-9.18E-03,,,,
1.198631246,-6.73E-02,,,,
1.188323799,-0.118436133,,,,
1.173066422,-0.15617627,,,,
1.154702797,-0.173816609,,,,
1.135781466,-0.165520753,,,,
1.119343585,-0.128650168,,,,
1.108407941,-6.67E-02,,,,
1.105193154,9.33E-03,,,,
1.110385092,8.33E-02,,,,
1.122883773,0.140014736,,,,
1.140203258,0.170088947,,,,
1.159255461,0.171767327,,,,
1.177082707,0.148722883,,,,
1.191295301,0.107164195,,,,
1.20022584,5.38E-02,,,,
1.202926313,-5.09E-03,,,,
1.199124454,-6.35E-02,,,,
1.189205462,-0.115280572,,,,
1.174237108,-0.154154551,,,,
1.156012565,-0.17337969,,,,
1.137035884,-0.166999747,,,,
1.120327117,-0.132061516,,,,
1.108929504,-7.16E-02,,,,
1.105142939,3.98E-03,,,,
1.109773937,7.87E-02,,,,
1.121839062,0.136914486,,,,
1.138924253,0.168949778,,,,
1.15795673,0.172503758,,,,
1.175952148,0.150971235,,,,
1.190474319,0.110467079,,,,
1.199805347,5.77E-02,,,,
1.202949295,-1.00E-03,,,,
1.199588622,-5.96E-02,,,,
1.190063087,-0.112064245,,,,
1.175392191,-0.152040188,,,,
1.157318577,-0.172821205,,,,
1.138300944,-0.168342022,,,,
1.121335921,-0.135349445,,,,
1.109487476,-7.63E-02,,,,
1.105133056,-1.36E-03,,,,
1.109198333,7.39E-02,,,,
1.120818219,0.133687788,,,,
1.137654356,0.16767438,,,,
1.156652891,0.17312118,,,,
1.174804963,0.15313019,,,,
1.189628634,0.11371239,,,,
1.199355487,6.16E-02,,,,
1.202941426,3.09E-03,,,,
1.200023528,-5.57E-02,,,,
1.190896225,-0.108789298,,,,
1.176530979,-0.149835357,,,,
1.158619923,-0.172142855,,,,
1.139575615,-0.169547875,,,,
1.122369059,-0.138511877,,,,
1.11008129,-8.11E-02,,,,
1.105163517,-6.71E-03,,,,
1.108658865,6.91E-02,,,,
1.11982219,0.130336631,,,,
1.136394596,0.166262391,,,,
1.155344849,0.173617861,,,,
1.173641833,0.155197566,,,,
1.18875869,0.116897989,,,,
1.198876477,6.54E-02,,,,
1.20290271,7.18E-03,,,,
1.200428962,-5.18E-02,,,,
1.191704441,-0.105457867,,,,
1.177652799,-0.147542245,,,,
1.159915704,-0.1713464,,,,
1.140858871,-0.170617732,,,,
1.123425576,-0.141546916,,,,
1.110710344,-8.57E-02,,,,
1.105234289,-1.20E-02,,,,
1.108156084,6.42E-02,,,,
1.118851906,0.126863185,,,,
1.135146005,0.164713585,,,,
1.15403352,0.173992133,,,,
1.172463459,0.15717119,,,,
1.187864944,0.120021724,,,,
1.198368546,6.92E-02,,,,
1.202833164,1.13E-02,,,,
1.200804732,-4.78E-02,,,,
1.192487316,-0.102072076,,,,
1.178756992,-0.145163043,,,,
1.161205036,-0.170433652,,,,
1.142149686,-0.171552145,,,,
1.124504504,-0.144452845,,,,
1.111374002,-9.02E-02,,,,
1.105345297,-1.74E-02,,,,
1.107690505,5.92E-02,,,,
1.117908281,0.123269804,,,,
1.133909615,0.163027874,,,,
1.152719834,0.174242392,,,,
1.171270556,0.159048906,,,,
1.186947872,0.123081434,,,,
1.197831942,7.30E-02,,,,
1.202732821,1.53E-02,,,,
1.201150659,-4.39E-02,,,,
1.19324445,-9.86E-02,,,,
1.179842918,-0.14269995,,,,
1.162487049,-0.169406474,,,,
1.143447043,-0.172351788,,,,
1.125604864,-0.147228128,,,,
1.112071599,-9.47E-02,,,,
1.105496426,-2.27E-02,,,,
1.107262607,5.42E-02,,,,
1.11699221,0.119559025,,,,
1.132686459,0.161205311,,,,
1.151404733,0.174367103,,,,
1.170063854,0.160828568,,,,
1.186007964,0.126074953,,,,
1.197266925,7.68E-02,,,,
1.202601728,1.94E-02,,,,
1.201466578,-3.99E-02,,,,
1.193975455,-9.51E-02,,,,
1.180909952,-0.140155165,,,,
1.163760887,-0.168266774,,,,
1.144749926,-0.173017451,,,,
1.126725664,-0.149871402,,,,
1.112802436,-9.90E-02,,,,
1.105687516,-2.80E-02,,,,
1.106872832,4.91E-02,,,,
1.11610457,0.115733567,,,,
1.131477568,0.1592461,,,,
1.150089169,0.174364806,,,,
1.168844103,0.162508051,,,,
1.185045729,0.129000102,,,,
1.196673772,8.05E-02,,,,
1.202439946,2.35E-02,,,,
1.201752342,-3.59E-02,,,,
1.194679962,-9.16E-02,,,,
1.181957486,-0.13753089,,,,
1.165025709,-0.167016503,,,,
1.146057329,-0.173550032,,,,
1.127865905,-0.152381482,,,,
1.113565788,-0.103303297,,,,
1.105918368,-3.32E-02,,,,
1.106521584,4.40E-02,,,,
1.115246213,0.111796331,,,,
1.130283973,0.157150594,,,,
1.148774105,0.17423412,,,,
1.167612066,0.16408525,,,,
1.18406169,0.131854697,,,,
1.196052773,8.41E-02,,,,
1.20224755,2.75E-02,,,,
1.202007814,-3.18E-02,,,,
1.195357615,-8.80E-02,,,,
1.182984929,-0.134829325,,,,
1.166280687,-0.165657646,,,,
1.14736825,-0.173950536,,,,
1.129024576,-0.154757351,,,,
1.114360901,-0.107461956,,,,
1.10618874,-3.84E-02,,,,
1.106209227,3.88E-02,,,,
1.114417973,0.107750396,,,,
1.1291067,0.154919305,,,,
1.147460516,0.173973751,,,,
1.166368522,0.165558084,,,,
1.183056388,0.134636551,,,,
1.195404236,8.78E-02,,,,
1.202024631,3.16E-02,,,,
1.202232875,-2.78E-02,,,,
1.196008076,-8.44E-02,,,,
1.183991705,-0.132052668,,,,
1.16752501,-0.164192227,,,,
1.148681699,-0.174220069,,,,
1.130200664,-0.156998162,,,,
1.115186993,-0.111515411,,,,
1.10649835,-4.36E-02,,,,
1.105936087,3.36E-02,,,,
1.113620657,0.103599023,,,,
1.12794677,0.152552905,,,,
1.146149385,0.173582492,,,,
1.165114267,0.166924498,,,,
1.18203038,0.137343467,,,,
1.194728484,9.14E-02,,,,
1.201771293,3.56E-02,,,,
1.20242742,-2.38E-02,,,,
1.196631021,-8.07E-02,,,,
1.184977256,-0.129203115,,,,
1.168757882,-0.162622297,,,,
1.14999669,-0.174359829,,,,
1.131393145,-0.159103232,,,,
1.116043259,-0.115460392,,,,
1.106846876,-4.88E-02,,,,
1.105702449,2.83E-02,,,,
1.112855047,9.93E-02,,,,
1.126805201,0.15005223,,,,
1.144841702,0.17305923,,,,
1.163850111,0.168182469,,,,
1.18098424,0.139973247,,,,
1.194025853,9.49E-02,,,,
1.201487655,3.96E-02,,,,
1.202591357,-1.97E-02,,,,
1.197226142,-7.70E-02,,,,
1.185941042,-0.126282854,,,,
1.169978522,-0.160949936,,,,
1.151312251,-0.174371108,,,,
1.132600994,-0.161072038,,,,
1.116928869,-0.119293805,,,,
1.107233955,-5.38E-02,,,,
1.105508556,2.31E-02,,,,
1.112121899,9.50E-02,,,,
1.125683001,0.147418282,,,,
1.143538468,0.172402954,,,,
1.162576879,0.169330006,,,,
1.179918557,0.142523692,,,,
1.193296699,9.84E-02,,,,
1.201173851,4.36E-02,,,,
1.202724609,-1.56E-02,,,,
1.197793146,-7.33E-02,,,,
1.186882536,-0.123294071,,,,
1.171186165,-0.159177248,,,,
1.152627416,-0.17425528,,,,
1.133823181,-0.162904216,,,,
1.117842969,-0.123012737,,,,
1.107659186,-5.89E-02,,,,
1.105354612,1.77E-02,,,,
1.111421943,9.05E-02,,,,
1.124581172,0.144652238,,,,
1.14224069,0.171612757,,,,
1.161295412,0.170365158,,,,
1.178833939,0.1449926,,,,
1.19254139,0.101832061,,,,
1.200830028,4.76E-02,,,,
1.202827116,-1.15E-02,,,,
1.198331757,-6.95E-02,,,,
1.187801229,-0.120238943,,,,
1.172380063,-0.157306356,,,,
1.153941232,-0.174013798,,,,
1.135058674,-0.164599552,,,,
1.118784686,-0.126614456,,,,
1.108122131,-6.38E-02,,,,
1.105240779,1.24E-02,,,,
1.110755877,8.60E-02,,,,
1.123500705,0.141755445,,,,
1.140949382,0.170687841,,,,
1.160006566,0.171286012,,,,
1.177731009,0.147377771,,,,
1.191760311,0.105221593,,,,
1.200456351,5.15E-02,,,,
1.202898828,-7.46E-03,,,,
1.198841711,-6.57E-02,,,,
1.188696631,-0.117119638,,,,
1.173559482,-0.155339403,,,,
1.155252757,-0.173648192,,,,
1.136306442,-0.166157981,,,,
1.119753125,-0.130096413,,,,
1.108622313,-6.87E-02,,,,
1.105167176,7.09E-03,,,,
1.110124369,8.14E-02,,,,
1.122442581,0.138729429,,,,
1.139665561,0.169627526,,,,
1.15871121,0.172090702,,,,
1.176610407,0.149677008,,,,
1.190953863,0.108556915,,,,
1.200052996,5.54E-02,,,,
1.202939712,-3.38E-03,,,,
1.199322762,-6.18E-02,,,,
1.189568263,-0.113938319,,,,
1.174723706,-0.153278548,,,,
1.156561061,-0.173160063,,,,
1.13756545,-0.167579582,,,,
1.120747375,-0.13345624,,,,
1.10915922,-7.36E-02,,,,
1.10513388,1.74E-03,,,,
1.109528057,7.67E-02,,,,
1.121407768,0.135575893,,,,
1.138390253,0.168431249,,,,
1.157410227,0.172777413,,,,
1.17547279,0.151888116,,,,
1.190122463,0.111835903,,,,
1.199620155,5.93E-02,,,,
1.20294975,7.14E-04,,,,
1.199774678,-5.80E-02,,,,
1.190415668,-0.110697135,,,,
1.175872035,-0.15112596,,,,
1.157865225,-0.172551074,,,,
1.138834668,-0.168864573,,,,
1.121766504,-0.136691755,,,,
1.109732302,-7.83E-02,,,,
1.105140926,-3.61E-03,,,,
1.108967546,7.19E-02,,,,
1.120397222,0.13229672,,,,
1.137124484,0.167098576,,,,
1.156104513,0.173344381,,,,
1.17431883,0.154008911,,,,
1.189266545,0.115056421,,,,
1.199158037,6.32E-02,,,,
1.202928937,4.80E-03,,,,
1.200197243,-5.41E-02,,,,
1.191238401,-0.107398229,,,,
1.177003784,-0.148883821,,,,
1.159164344,-0.171822951,,,,
1.140113066,-0.170013304,,,,
1.122809568,-0.139800955,,,,
1.110340978,-8.30E-02,,,,
1.105188307,-8.95E-03,,,,
1.108443407,6.70E-02,,,,
1.119411883,0.128893977,,,,
1.135869284,0.165629201,,,,
1.154794979,0.1737899,,,,
1.173149218,0.156037213,,,,
1.188386557,0.118216324,,,,
1.198666863,6.70E-02,,,,
1.202877282,8.89E-03,,,,
1.200590253,-5.01E-02,,,,
1.192036034,-0.104043731,,,,
1.178118288,-0.146554319,,,,
1.160457526,-0.170977477,,,,
1.141399618,-0.171026256,,,,
1.123875607,-0.14278202,,,,
1.11098463,-8.76E-02,,,,
1.105275973,-1.43E-02,,,,
1.107956174,6.21E-02,,,,
1.118452675,0.125369911,,,,
1.134625687,0.164022954,,,,
1.153482547,0.174112329,,,,
1.17196466,0.157970858,,,,
1.187482965,0.121313459,,,,
1.198146871,7.08E-02,,,,
1.202794809,1.30E-02,,,,
1.200953522,-4.62E-02,,,,
1.192808157,-0.100635761,,,,
1.179214893,-0.14413965,,,,
1.161743893,-0.170016487,,,,
1.142693302,-0.171904033,,,,
1.124963648,-0.145633308,,,,
1.111662612,-9.21E-02,,,,
1.105403832,-1.96E-02,,,,
1.10750635,5.71E-02,,,,
1.117520504,0.121726952,,,,
1.133394723,0.162279806,,,,
1.152168152,0.174310092,,,,
1.170765877,0.159807691,,,,
1.186556251,0.124345661,,,,
1.197598313,7.46E-02,,,,
1.202681557,1.70E-02,,,,
1.201286877,-4.22E-02,,,,
1.193554374,-9.72E-02,,,,
1.180292968,-0.141642012,,,,
1.163022579,-0.168941861,,,,
1.143993101,-0.172647357,,,,
1.126072705,-0.148353358,,,,
1.112374242,-9.65E-02,,,,
1.105571749,-2.49E-02,,,,
1.107094396,5.21E-02,,,,
1.116616256,0.117967714,,,,
1.132177427,0.160399874,,,,
1.15085274,0.174381686,,,,
1.169553608,0.161545577,,,,
1.185606912,0.127310758,,,,
1.197021455,7.83E-02,,,,
1.202537579,2.11E-02,,,,
1.201590161,-3.82E-02,,,,
1.194274305,-9.37E-02,,,,
1.181351893,-0.139063606,,,,
1.164292736,-0.167755527,,,,
1.145298003,-0.173257064,,,,
1.127201785,-0.15094088,,,,
1.113118812,-0.100842658,,,,
1.10577955,-3.02E-02,,,,
1.10672074,4.70E-02,,,,
1.1157408,0.114094992,,,,
1.130974829,0.158383423,,,,
1.149537268,0.174325682,,,,
1.168328608,0.163182399,,,,
1.184635464,0.13020657,,,,
1.196416582,8.20E-02,,,,
1.202362942,2.52E-02,,,,
1.20186323,-3.42E-02,,,,
1.194967586,-9.01E-02,,,,
1.182391068,-0.136406633,,,,
1.165553527,-0.166459451,,,,
1.146607003,-0.173734099,,,,
1.128349882,-0.15339476,,,,
1.113895584,-0.105060809,,,,
1.106027016,-3.54E-02,,,,
1.106385768,4.18E-02,,,,
1.11489498,0.110111762,,,,
1.129787958,0.156230873,,,,
1.148222705,0.174140736,,,,
1.167091647,0.164716059,,,,
1.183642436,0.133030911,,,,
1.19578399,8.57E-02,,,,
1.202157727,2.92E-02,,,,
1.202105956,-3.02E-02,,,,
1.19563387,-8.65E-02,,,,
1.183409908,-0.133673293,,,,
1.166804132,-0.165055634,,,,
1.147919105,-0.174079509,,,,
1.129515985,-0.155714055,,,,
1.114703792,-0.109175736,,,,
1.106313888,-4.06E-02,,,,
1.106089829,3.66E-02,,,,
1.114079618,0.106021179,,,,
1.128617838,0.153942802,,,,
1.146910027,0.173825588,,,,
1.165843511,0.166144489,,,,
1.182628377,0.135781589,,,,
1.195123994,8.93E-02,,,,
1.201922031,3.33E-02,,,,
1.202318225,-2.61E-02,,,,
1.196272824,-8.29E-02,,,,
1.184407845,-0.130865783,,,,
1.168043747,-0.163546112,,,,
1.14923332,-0.17429444,,,,
1.130699076,-0.157897984,,,,
1.115542644,-0.113184065,,,,
1.106639868,-4.58E-02,,,,
1.10583323,3.14E-02,,,,
1.113295512,0.101826578,,,,
1.127465489,0.151519951,,,,
1.145600221,0.173379072,,,,
1.164585002,0.167465647,,,,
1.181593851,0.138456408,,,,
1.194436922,9.29E-02,,,,
1.201655964,3.73E-02,,,,
1.202499937,-2.21E-02,,,,
1.196884131,-7.92E-02,,,,
1.185384329,-0.127986295,,,,
1.16927158,-0.161932949,,,,
1.150548669,-0.174380129,,,,
1.13189813,-0.159945934,,,,
1.116411325,-0.117082599,,,,
1.107004617,-5.09E-02,,,,
1.105616241,2.61E-02,,,,
1.112543432,9.75E-02,,,,
1.126331924,0.148963224,,,,
1.144294283,0.172800116,,,,
1.163316936,0.168677521,,,,
1.180539438,0.141053168,,,,
1.193723119,9.64E-02,,,,
1.201359652,4.13E-02,,,,
1.202651008,-1.80E-02,,,,
1.197467489,-7.55E-02,,,,
1.186338824,-0.125037018,,,,
1.170486859,-0.160218234,,,,
1.15186418,-0.174337904,,,,
1.133112121,-0.161857449,,,,
1.117308994,-0.120868322,,,,
1.107407755,-5.60E-02,,,,
1.105439088,2.08E-02,,,,
1.111824124,9.31E-02,,,,
1.12521815,0.146273697,,,,
1.142993215,0.172087753,,,,
1.162040146,0.169778138,,,,
1.179465735,0.143569669,,,,
1.192982944,9.98E-02,,,,
1.201033234,4.53E-02,,,,
1.202771367,-1.39E-02,,,,
1.198022613,-7.17E-02,,,,
1.187270813,-0.122020133,,,,
1.171688825,-0.158404081,,,,
1.153178895,-0.174169171,,,,
1.134340017,-0.163632227,,,,
1.118234789,-0.124538395,,,,
1.107848866,-6.10E-02,,,,
1.105301957,1.55E-02,,,,
1.111138304,8.87E-02,,,,
1.124125164,0.143452618,,,,
1.141698028,0.171241121,,,,
1.160755478,0.170765562,,,,
1.178373357,0.14600371,,,,
1.192216774,0.103260729,,,,
1.200676864,4.92E-02,,,,
1.202860957,-9.83E-03,,,,
1.198549231,-6.79E-02,,,,
1.188179792,-0.118937813,,,,
1.172876736,-0.156492621,,,,
1.154491864,-0.173875418,,,,
1.135580786,-0.165270118,,,,
1.119187829,-0.128090163,,,,
1.108327496,-6.59E-02,,,,
1.105204992,1.02E-02,,,,
1.110486659,8.41E-02,,,,
1.123053953,0.140501409,,,,
1.140409737,0.170259469,,,,
1.159463794,0.1716379,,,,
1.177262933,0.148353091,,,,
1.191425001,0.106627774,,,,
1.200290711,5.31E-02,,,,
1.202919738,-5.75E-03,,,,
1.199047087,-6.41E-02,,,,
1.189065278,-0.115792225,,,,
1.174049866,-0.154486004,,,,
1.15580215,-0.173458205,,,,
1.136833396,-0.166771118,,,,
1.12016721,-0.131521154,,,,
1.108843151,-7.08E-02,,,,
1.105148294,4.84E-03,,,,
1.109869843,7.94E-02,,,,
1.122005493,0.13742167,,,,
1.139129363,0.169142168,,,,
1.158165968,0.172393306,,,,
1.176135111,0.150615617,,,,
1.190608032,0.109939718,,,,
1.19987496,5.71E-02,,,,
1.202947681,-1.66E-03,,,,
1.199515941,-6.02E-02,,,,
1.189926799,-0.112585526,,,,
1.175207505,-0.152386394,,,,
1.157108828,-0.172919157,,,,
1.138096814,-0.168135365,,,,
1.121172013,-0.134829077,,,,
1.109395306,-7.56E-02,,,,
1.105131923,-5.04E-04,,,,
1.109288481,7.47E-02,,,,
1.120980747,0.134215178,,,,
1.137857932,0.167888706,,,,
1.15686289,0.173029985,,,,
1.174990554,0.152789097,,,,
1.189766291,0.113194433,,,,
1.199429809,6.09E-02,,,,
1.202944773,2.43E-03,,,,
1.199955567,-5.63E-02,,,,
1.190763905,-0.109319863,,,,
1.17634896,-0.150195966,,,,
1.158410985,-0.172259968,,,,
1.139370009,-0.169363132,,,,
1.122201301,-0.138011825,,,,
1.109983395,-8.03E-02,,,,
1.105155897,-5.85E-03,,,,
1.108743164,6.99E-02,,,,
1.119980664,0.130883895,,,,
1.136596472,0.166498704,,,,
1.155555462,0.173546199,,,,
1.173829942,0.154871347,,,,
1.188900218,0.11638978,,,,
1.198955472,6.48E-02,,,,
1.202911017,6.52E-03,,,,
1.200365755,-5.24E-02,,,,
1.191576158,-0.105997372,,,,
1.177473553,-0.147916904,,,,
1.15970772,-0.171482386,,,,
1.140651953,-0.170454827,,,,
1.123254122,-0.141067472,,,,
1.110606824,-8.49E-02,,,,
1.105220189,-1.12E-02,,,,
1.108234447,6.50E-02,,,,
1.119006177,0.127429962,,,,
1.135346015,0.164971912,,,,
1.154244599,0.173940268,,,,
1.172653972,0.156860196,,,,
1.188010269,0.119523609,,,,
1.198452176,6.86E-02,,,,
1.202846428,1.06E-02,,,,
1.200746308,-4.85E-02,,,,
1.192363136,-0.102620181,,,,
1.178580625,-0.1455514,,,,
1.160998149,-0.170588217,,,,
1.141941622,-0.17141098,,,,
1.124329512,-0.143994274,,,,
1.111264961,-8.95E-02,,,,
1.105324733,-1.65E-02,,,,
1.107762851,6.00E-02,,,,
1.118058204,0.123855704,,,,
1.134107593,0.163308218,,,,
1.152931229,0.174210577,,,,
1.171463356,0.158753481,,,,
1.187096915,0.122593763,,,,
1.197920167,7.24E-02,,,,
1.202751035,1.47E-02,,,,
1.201097045,-4.45E-02,,,,
1.193124436,-9.92E-02,,,,
1.179669532,-0.14310165,,,,
1.162281398,-0.169579315,,,,
1.143237995,-0.172232248,,,,
1.125426492,-0.146790664,,,,
1.111957145,-9.40E-02,,,,
1.105469419,-2.18E-02,,,,
1.107328863,5.50E-02,,,,
1.117137643,0.120163627,,,,
1.132882238,0.161507655,,,,
1.151616292,0.174355579,,,,
1.170258824,0.160549057,,,,
1.186160646,0.125598073,,,,
1.197359701,7.62E-02,,,,
1.202624884,1.88E-02,,,,
1.201417801,-4.05E-02,,,,
1.193859669,-9.57E-02,,,,
1.180739646,-0.140569855,,,,
1.163556608,-0.168457581,,,,
1.144540057,-0.1729194,,,,
1.126544072,-0.149455254,,,,
1.112682685,-9.83E-02,,,,
1.105654095,-2.71E-02,,,,
1.106932929,4.99E-02,,,,
1.116245371,0.116356422,,,,
1.131670984,0.1595704,,,,
1.150300737,0.174373804,,,,
1.16904112,0.162244794,,,,
1.185201967,0.128534365,,,,
1.196771053,7.99E-02,,,,
1.202468033,2.28E-02,,,,
1.201708424,-3.65E-02,,,,
1.194568462,-9.22E-02,,,,
1.181790356,-0.137958215,,,,
1.164822935,-0.167224959,,,,
1.145846801,-0.173473319,,,,
1.127681254,-0.151986827,,,,
1.113440858,-0.102624885,,,,
1.105878567,-3.24E-02,,,,
1.106575459,4.48E-02,,,,
1.115382249,0.112436959,,,,
1.13047486,0.157496784,,,,
1.148985528,0.174263856,,,,
1.167811007,0.163838584,,,,
1.184221399,0.131400455,,,,
1.196154512,8.36E-02,,,,
1.202280555,2.69E-02,,,,
1.201968776,-3.25E-02,,,,
1.195250457,-8.86E-02,,,,
1.182821069,-0.135268932,,,,
1.166079552,-0.16588343,,,,
1.147157224,-0.173894992,,,,
1.12883703,-0.154384343,,,,
1.114230915,-0.106800146,,,,
1.106142602,-3.76E-02,,,,
1.106256824,3.96E-02,,,,
1.11454911,0.108408291,,,,
1.129294892,0.155287292,,,,
1.147671636,0.174024427,,,,
1.16656926,0.165328342,,,,
1.183219479,0.134194155,,,,
1.195510383,8.72E-02,,,,
1.202062538,3.09E-02,,,,
1.202198736,-2.85E-02,,,,
1.195905314,-8.50E-02,,,,
1.183831207,-0.132504204,,,,
1.167325643,-0.164435011,,,,
1.148470332,-0.17418551,,,,
1.130010385,-0.156646925,,,,
1.115052078,-0.110870746,,,,
1.106445922,-4.28E-02,,,,
1.105977357,3.44E-02,,,,
1.113746766,0.104273647,,,,
1.128132105,0.152942569,,,,
1.146360042,0.173654296,,,,
1.165316673,0.166712009,,,,
1.182196763,0.136913272,,,,
1.194838985,9.08E-02,,,,
1.201814084,3.49E-02,,,,
1.202398195,-2.44E-02,,,,
1.196532705,-8.13E-02,,,,
1.184820209,-0.129666226,,,,
1.168560409,-0.16288175,,,,
1.149785142,-0.174346057,,,,
1.131200299,-0.158773865,,,,
1.115903547,-0.114833386,,,,
1.106788212,-4.79E-02,,,,
1.105737348,2.92E-02,,,,
1.112976006,0.100036435,,,,
1.126987514,0.150463425,,,,
1.145051738,0.173152335,,,,
1.164054054,0.167987555,,,,
1.181153821,0.139555606,,,,
1.194140654,9.43E-02,,,,
1.201535311,3.90E-02,,,,
1.20256706,-2.04E-02,,,,
1.197132321,-7.76E-02,,,,
1.185787531,-0.126757189,,,,
1.169783068,-0.161225721,,,,
1.151100676,-0.174377908,,,,
1.132405746,-0.160764615,,,,
1.116784495,-0.118684944,,,,
1.107169117,-5.30E-02,,,,
1.105537048,2.39E-02,,,,
1.112237588,9.57E-02,,,,
1.125862132,0.147850836,,,,
1.143747721,0.172517515,,,,
1.162782226,0.169152986,,,,
1.18009124,0.142118959,,,,
1.193415741,9.78E-02,,,,
1.201226348,4.29E-02,,,,
1.202705252,-1.63E-02,,,,
1.197703866,-7.39E-02,,,,
1.186732644,-0.123779279,,,,
1.170992853,-0.159469025,,,,
1.152415969,-0.174282426,,,,
1.133625696,-0.162618784,,,,
1.117694071,-0.122422476,,,,
1.107588241,-5.81E-02,,,,
1.105376667,1.86E-02,,,,
1.111532245,9.13E-02,,,,
1.124756959,0.14510595,,,,
1.142448997,0.171748913,,,,
1.161502026,0.170206342,,,,
1.179009626,0.144601129,,,,
1.192664612,0.101282017,,,,
1.200887343,4.69E-02,,,,
1.202812707,-1.22E-02,,,,
1.198247061,-7.01E-02,,,,
1.187655039,-0.120734674,,,,
1.172189011,-0.157613782,,,,
1.153730066,-0.174061051,,,,
1.134859119,-0.164336136,,,,
1.118631406,-0.126043223,,,,
1.108045152,-6.30E-02,,,,
1.105256374,1.33E-02,,,,
1.110860683,8.67E-02,,,,
1.12367299,0.142230087,,,,
1.141156579,0.170845712,,,,
1.160214309,0.171145705,,,,
1.177909598,0.146999915,,,,
1.191887651,0.104680071,,,,
1.200518455,5.09E-02,,,,
1.202889374,-8.12E-03,,,,
1.198761641,-6.63E-02,,,,
1.188554218,-0.117625545,,,,
1.173370807,-0.155662134,,,,
1.155042023,-0.173715302,,,,
1.136104983,-0.165916582,,,,
1.119595609,-0.129544605,,,,
1.108539379,-6.80E-02,,,,
1.105176295,7.95E-03,,,,
1.110223573,8.21E-02,,,,
1.122611207,0.139224743,,,,
1.139871486,0.169807214,,,,
1.15891994,0.171969201,,,,
1.176791794,0.14931312,,,,
1.191085256,0.108024254,,,,
1.200119861,5.48E-02,,,,
1.202935218,-4.03E-03,,,,
1.199247357,-6.25E-02,,,,
1.189429705,-0.114454054,,,,
1.174537523,-0.153616234,,,,
1.156350907,-0.173246767,,,,
1.137362253,-0.167360177,,,,
1.12058577,-0.132924226,,,,
1.109070415,-7.28E-02,,,,
1.105136513,2.60E-03,,,,
1.109621559,7.74E-02,,,,
1.12157258,0.136091593,,,,
1.138594739,0.168632836,,,,
1.157619802,0.172675007,,,,
1.175656869,0.15153855,,,,
1.19025784,0.111312445,,,,
1.199691749,5.87E-02,,,,
1.202950218,5.65E-05,,,,
1.199703974,-5.86E-02,,,,
1.190281037,-0.111222353,,,,
1.175688455,-0.151478252,,,,
1.157655798,-0.1726571,,,,
1.138629898,-0.168667118,,,,
1.121600961,-0.136179874,,,,
1.109637718,-7.76E-02,,,,
1.10513707,-2.75E-03,,,,
1.109055251,7.27E-02,,,,
1.120558068,0.132832492,,,,
1.137327366,0.167322123,,,,
1.156314788,0.173261349,,,,
1.174505491,0.153674016,,,,
1.189405835,0.114542511,,,,
1.199234325,6.26E-02,,,,
1.202934366,4.15E-03,,,,
1.200131273,-5.47E-02,,,,
1.191107767,-0.107932586,,,,
1.176822916,-0.149250368,,,,
1.158955789,-0.171948018,,,,
1.13990689,-0.169837734,,,,
1.122640241,-0.139309516,,,,
1.11024071,-8.23E-02,,,,
1.105177966,-8.09E-03,,,,
1.108525225,6.78E-02,,,,
1.119568612,0.129449475,,,,
1.136070397,0.165874748,,,,
1.155005806,0.173726513,,,,
1.17333835,0.15571734,,,,
1.188529687,0.117712309,,,,
1.198747808,6.64E-02,,,,
1.20288767,8.23E-03,,,,
1.200529049,-5.08E-02,,,,
1.191909465,-0.104586885,,,,
1.177940237,-0.146934768,,,,
1.160249986,-0.171121295,,,,
1.141192199,-0.170872486,,,,
1.12370265,-0.142311304,,,,
1.11087878,-8.69E-02,,,,
1.105259159,-1.34E-02,,,,
1.108032022,6.29E-02,,,,
1.11860514,0.125944762,,,,
1.134824864,0.164290519,,,,
1.153693778,0.174068847,,,,
1.172156147,0.157666354,,,,
1.187629859,0.120819684,,,,
1.198232434,7.02E-02,,,,
1.202810151,1.23E-02,,,,
1.200897113,-4.68E-02,,,,
1.192685717,-0.101187373,,,,
1.179039765,-0.144533648,,,,
1.161537507,-0.170178757,,,,
1.142484805,-0.171771956,,,,
1.124787218,-0.145183567,,,,
1.111551286,-9.14E-02,,,,
1.105380561,-1.88E-02,,,,
1.107576149,5.79E-02,,,,
1.11766856,0.122320752,,,,
1.133591799,0.162569385,,,,
1.152379635,0.174286763,,,,
1.170959602,0.159518902,,,,
1.186706831,0.123862475,,,,
1.197688452,7.40E-02,,,,
1.202701846,1.64E-02,,,,
1.20123529,-4.28E-02,,,,
1.193436127,-9.77E-02,,,,
1.180120861,-0.142049205,,,,
1.162817487,-0.169122278,,,,
1.143783689,-0.17253685,,,,
1.125892963,-0.147924814,,,,
1.112257552,-9.58E-02,,,,
1.105542047,-2.41E-02,,,,
1.107158076,5.29E-02,,,,
1.116759762,0.118580031,,,,
1.132372235,0.160711437,,,,
1.151064322,0.174378745,,,,
1.169749452,0.161272845,,,,
1.185761096,0.126838511,,,,
1.197116127,7.77E-02,,,,
1.202562805,2.05E-02,,,,
1.20154342,-3.88E-02,,,,
1.19416031,-9.42E-02,,,,
1.181182907,-0.139483641,,,,
1.164089072,-0.167953778,,,,
1.145087838,-0.173167986,,,,
1.12701889,-0.15053373,,,,
1.112996873,-0.10015487,,,,
1.105743447,-2.93E-02,,,,
1.106778233,4.78E-02,,,,
1.115879618,0.114725364,,,,
1.131167204,0.158716918,,,,
1.149748795,0.174343356,,,,
1.168526448,0.162926062,,,,
1.184793168,0.129745613,,,,
1.19651574,8.14E-02,,,,
1.202393094,2.45E-02,,,,
1.201821358,-3.48E-02,,,,
1.194857901,-9.07E-02,,,,
1.182225298,-0.136839155,,,,
1.165351425,-0.166675217,,,,
1.146396246,-0.17366629,,,,
1.128163997,-0.153009172,,,,
1.113768517,-0.104389295,,,,
1.10598455,-3.46E-02,,,,
1.106437015,4.27E-02,,,,
1.115028976,0.110759698,,,,
1.129977734,0.156586222,,,,
1.148434019,0.174179234,,,,
1.167291357,0.164476454,,,,
1.183803575,0.132581596,,,,
1.195887585,8.51E-02,,,,
1.202192791,2.86E-02,,,,
1.202068972,-3.08E-02,,,,
1.19552855,-8.71E-02,,,,
1.183247447,-0.134117948,,,,
1.166603723,-0.165288591,,,,
1.147707917,-0.174032794,,,,
1.129327273,-0.155350168,,,,
1.114571722,-0.108521055,,,,
1.106265104,-3.98E-02,,,,
1.106134776,3.75E-02,,,,
1.114208661,0.10668616,,,,
1.128804851,0.1543199,,,,
1.147120972,0.173885108,,,,
1.166044965,0.165921946,,,,
1.182792861,0.13534427,,,,
1.195231975,8.87E-02,,,,
1.20196199,3.26E-02,,,,
1.202286146,-2.68E-02,,,,
1.196171921,-8.35E-02,,,,
1.184248784,-0.131322218,,,,
1.167845159,-0.16379593,,,,
1.149021858,-0.174268628,,,,
1.1305077,-0.157555913,,,,
1.115405701,-0.112546748,,,,
1.106584817,-4.50E-02,,,,
1.105871832,3.22E-02,,,,
1.113419475,0.102508055,,,,
1.127649575,0.151918668,,,,
1.145810637,0.173459794,,,,
1.164788069,0.167260493,,,,
1.181761587,0.138031437,,,,
1.194549234,9.23E-02,,,,
1.201700799,3.66E-02,,,,
1.202472779,-2.27E-02,,,,
1.196787695,-7.98E-02,,,,
1.185228755,-0.128454159,,,,
1.16907494,-0.162199295,,,,
1.15033709,-0.174375016,,,,
1.131704256,-0.159625767,,,,
1.11626964,-0.116463149,,,,
1.106943355,-5.01E-02,,,,
1.105648456,2.70E-02,,,,
1.112662194,9.82E-02,,,,
1.126512922,0.149383404,,,,
1.144504009,0.172902206,,,,
1.163521485,0.168490077,,,,
1.180710333,0.1406409,,,,
1.193839706,9.58E-02,,,,
1.201409342,4.06E-02,,,,
1.202628783,-1.86E-02,,,,
1.197375568,-7.61E-02,,,,
1.186186822,-0.125515958,,,,
1.17029229,-0.16050077,,,,
1.15165264,-0.174353269,,,,
1.132915914,-0.161559248,,,,
1.117162705,-0.120267211,,,,
1.107340346,-5.52E-02,,,,
1.105464883,2.17E-02,,,,
1.111937567,9.39E-02,,,,
1.125395897,0.146715155,,,,
1.14320209,0.172211359,,,,
1.162246041,0.169608719,,,,
1.179639691,0.143170457,,,,
1.193103748,9.93E-02,,,,
1.201087756,4.46E-02,,,,
1.202754085,-1.46E-02,,,,
1.197935251,-7.23E-02,,,,
1.187122464,-0.122509799,,,,
1.171496447,-0.158702466,,,,
1.152967547,-0.174204784,,,,
1.134141643,-0.163356031,,,,
1.118084036,-0.123956067,,,,
1.10777538,-6.02E-02,,,,
1.105321304,1.64E-02,,,,
1.111246314,8.94E-02,,,,
1.124299501,0.143915142,,,,
1.141905889,0.171386374,,,,
1.160962583,0.170614476,,,,
1.178550274,0.145617908,,,,
1.192341733,0.10271422,,,,
1.200736192,4.86E-02,,,,
1.202848627,-1.05E-02,,,,
1.198466471,-6.85E-02,,,,
1.188035177,-0.119437857,,,,
1.172686668,-0.156806511,,,,
1.154280861,-0.173931034,,,,
1.135380412,-0.165015941,,,,
1.119032754,-0.127527034,,,,
1.108248008,-6.51E-02,,,,
1.105217871,1.10E-02,,,,
1.110589127,8.48E-02,,,,
1.123224722,0.140984758,,,,
1.14061642,0.170426483,,,,
1.159671968,0.171505448,,,,
1.177442709,0.147981053,,,,
1.19155405,0.106089928,,,,
1.200354817,5.25E-02,,,,
1.202912364,-6.41E-03,,,,
1.19896897,-6.47E-02,,,,
1.188924473,-0.116302298,,,,
1.173862223,-0.154815053,,,,
1.155591641,-0.173533568,,,,
1.136631187,-0.166538951,,,,
1.12000796,-0.130977608,,,,
1.108757743,-7.00E-02,,,,
1.105154692,5.70E-03,,,,
1.109966667,8.02E-02,,,,
1.122172537,0.137925574,,,,
1.139334704,0.169331035,,,,
1.15837507,0.172279782,,,,
1.176317641,0.150257696,,,,
1.190741105,0.109410877,,,,
1.199943813,5.64E-02,,,,
1.202945268,-2.32E-03,,,,
1.199442504,-6.08E-02,,,,
1.18978988,-0.113105282,,,,
1.175022401,-0.152730252,,,,
1.156898961,-0.173014002,,,,
1.137892936,-0.167925177,,,,
1.121008737,-0.13430547,,,,
1.109304065,-7.48E-02,,,,
1.105131834,3.56E-04,,,,
1.109379562,7.55E-02,,,,
1.121143913,0.13473934,,,,
1.138061765,0.168099501,,,,
1.157072777,0.172935675,,,,
1.17517573,0.152445644,,,,
1.189903319,0.11267494,,,,
1.199503377,6.03E-02,,,,
1.202947323,1.77E-03,,,,
1.199886845,-5.70E-02,,,,
1.190630943,-0.109848957,,,,
1.176166504,-0.150554282,,,,
1.158201906,-0.172374018,,,,
1.139164628,-0.16917487,,,,
1.122034151,-0.137508485,,,,
1.109886414,-7.96E-02,,,,
1.105149319,-4.99E-03,,,,
1.108828409,7.06E-02,,,,
1.1201398,0.131427987,,,,
1.136798632,0.166731478,,,,
1.155765987,0.173471378,,,,
1.174017653,0.154542713,,,,
1.189041128,0.115879979,,,,
1.199033718,6.42E-02,,,,
1.202918527,5.86E-03,,,,
1.200301781,-5.30E-02,,,,
1.191447221,-0.106535462,,,,
1.177293855,-0.148289327,,,,
1.159499574,-0.171615357,,,,
1.140445235,-0.170288415,,,,
1.123083253,-0.140584696,,,,
1.110504201,-8.42E-02,,,,
1.105207131,-1.03E-02,,,,
1.10831377,6.58E-02,,,,
1.119161135,0.127993628,,,,
1.135546336,0.165226697,,,,
1.154455614,0.173885202,,,,
1.172844106,0.156546729,,,,
1.188154987,0.119023848,,,,
1.198535064,6.80E-02,,,,
1.202858895,9.95E-03,,,,
1.200687112,-4.91E-02,,,,
1.192238292,-0.103166925,,,,
1.178403788,-0.145937577,,,,
1.160791076,-0.170739814,,,,
1.14173373,-0.171266327,,,,
1.124155079,-0.143532329,,,,
1.1111568,-8.88E-02,,,,
1.105305208,-1.57E-02,,,,
1.107836171,6.08E-02,,,,
1.118208837,0.124438556,,,,
1.134305908,0.163585022,,,,
1.153142584,0.17417552,,,,
1.171655796,0.158455529,,,,
1.187245365,0.122104388,,,,
1.198007655,7.18E-02,,,,
1.202768454,1.40E-02,,,,
1.201042657,-4.51E-02,,,,
1.193003749,-9.97E-02,,,,
1.179495659,-0.143501228,,,,
1.162075538,-0.169749237,,,,
1.143029094,-0.172109238,,,,
1.125248653,-0.146349792,,,,
1.111843555,-9.33E-02,,,,
1.105443447,-2.10E-02,,,,
1.107396103,5.58E-02,,,,
1.117283807,0.120765251,,,,
1.133078383,0.161806463,,,,
1.151827834,0.174340777,,,,
1.170453453,0.160266963,,,,
1.186312748,0.125119435,,,,
1.197451747,7.56E-02,,,,
1.202647246,1.81E-02,,,,
1.201368245,-4.12E-02,,,,
1.193743199,-9.63E-02,,,,
1.180568837,-0.140982479,,,,
1.163352098,-0.168645519,,,,
1.144330309,-0.172817903,,,,
1.126362987,-0.149035664,,,,
1.112563778,-9.77E-02,,,,
1.105621703,-2.63E-02,,,,
1.10699402,5.08E-02,,,,
1.116386927,0.116976372,,,,
1.131864791,0.159891174,,,,
1.150512315,0.174379486,,,,
1.169237816,0.1619789,,,,
1.185357639,0.128066813,,,,
1.196867613,7.93E-02,,,,
1.202495327,2.22E-02,,,,
1.201663724,-3.72E-02,,,,
1.194456269,-9.28E-02,,,,
1.181622708,-0.138383532,,,,
1.164619911,-0.167430598,,,,
1.145636368,-0.173393185,,,,
1.127497084,-0.151588705,,,,
1.113316752,-0.101943855,,,,
1.10583979,-3.15E-02,,,,
1.106630338,4.56E-02,,,,
1.11551906,0.113074762,,,,
1.130666164,0.157839459,,,,
1.149196985,0.174290243,,,,
1.168009647,0.163589227,,,,
1.184380555,0.130944341,,,,
1.196255538,8.30E-02,,,,
1.202312769,2.62E-02,,,,
1.201928953,-3.31E-02,,,,
1.195142597,-8.92E-02,,,,
1.182656677,-0.135706587,,,,
1.165878144,-0.166106449,,,,
1.146946266,-0.173836056,,,,
1.128649938,-0.154007844,,,,
1.114101733,-0.106135629,,,,
1.106097479,-3.68E-02,,,,
1.106305434,4.05E-02,,,,
1.114681043,0.109063444,,,,
1.129483529,0.15565178,,,,
1.147882815,0.174071723,,,,
1.166769718,0.165095856,,,,
1.183382032,0.133749831,,,,
1.195615824,8.66E-02,,,,
1.202099657,3.03E-02,,,,
1.202163808,-2.91E-02,,,,
1.195801841,-8.56E-02,,,,
1.183670162,-0.132953844,,,,
1.167125982,-0.164675083,,,,
1.14825901,-0.17414759,,,,
1.129820535,-0.156292179,,,,
1.114917948,-0.110223289,,,,
1.106394501,-4.20E-02,,,,
1.106019647,3.53E-02,,,,
1.113873693,0.104945618,,,,
1.12831791,0.153328756,,,,
1.146570785,0.17372269,,,,
1.16551882,0.166496722,,,,
1.182362622,0.136481091,,,,
1.19494879,9.02E-02,,,,
1.201856091,3.43E-02,,,,
1.202368179,-2.51E-02,,,,
1.19643367,-8.19E-02,,,,
1.1846626,-0.130127499,,,,
1.168362623,-0.163138544,,,,
1.149573612,-0.174328956,,,,
1.131007855,-0.158440975,,,,
1.115764598,-0.114203507,,,,
1.106730547,-4.71E-02,,,,
1.105773274,3.00E-02,,,,
1.113097801,0.100724665,,,,
1.127170325,0.150871169,,,,
1.145261884,0.173242003,,,,
1.164257759,0.167789793,,,,
1.181322894,0.139135922,,,,
1.194254767,9.38E-02,,,,
1.201582186,3.83E-02,,,,
1.20254197,-2.10E-02,,,,
1.197037774,-7.82E-02,,,,
1.185633445,-0.127229743,,,,
1.169587282,-0.161498902,,,,
1.150889095,-0.174381415,,,,
1.132210873,-0.160453659,,,,
1.116640861,-0.118073132,,,,
1.107105267,-5.22E-02,,,,
1.105566573,2.48E-02,,,,
1.112354131,9.64E-02,,,,
1.126041785,0.148279969,,,,
1.14395711,0.172628615,,,,
1.162987356,0.168973066,,,,
1.180263431,0.141712126,,,,
1.193534105,9.73E-02,,,,
1.201278069,4.23E-02,,,,
1.2026851,-1.69E-02,,,,
1.197613853,-7.45E-02,,,,
1.186582165,-0.124262762,,,,
1.170799188,-0.159758253,,,,
1.152204491,-0.174306316,,,,
1.13342856,-0.162329814,,,,
1.117545891,-0.121829194,,,,
1.107518273,-5.73E-02,,,,
1.10539976,1.95E-02,,,,
1.111643421,9.20E-02,,,,
1.124933295,0.145556275,,,,
1.142657467,0.171881587,,,,
1.161708445,0.170044577,,,,
1.179184837,0.1442075,,,,
1.192787167,0.100730635,,,,
1.200943885,4.63E-02,,,,
1.202797502,-1.29E-02,,,,
1.198161625,-7.07E-02,,,,
1.187508247,-0.121228737,,,,
1.171997588,-0.157918715,,,,
1.153518845,-0.174105087,,,,
1.134659886,-0.164069179,,,,
1.118478822,-0.125468902,,,,
1.107969138,-6.23E-02,,,,
1.10527301,1.41E-02,,,,
1.11096638,8.75E-02,,,,
1.123845849,0.14270138,,,,
1.141363966,0.171000084,,,,
1.160421879,0.171002401,,,,
1.178087728,0.146619845,,,,
1.192014334,0.104137155,,,,
1.200579792,5.02E-02,,,,
1.202879123,-8.78E-03,,,,
1.198680825,-6.69E-02,,,,
1.188411193,-0.118129839,,,,
1.173181743,-0.155982426,,,,
1.154831209,-0.173779235,,,,
1.135903818,-0.165671643,,,,
1.119438765,-0.128989647,,,,
1.108457397,-6.72E-02,,,,
1.105186456,8.80E-03,,,,
1.110323685,8.29E-02,,,,
1.122780432,0.139716751,,,,
1.140077626,0.169983387,,,,
1.159128521,0.171844657,,,,
1.176972739,0.148946962,,,,
1.191216001,0.107490145,,,,
1.200185962,5.42E-02,,,,
1.202929926,-4.69E-03,,,,
1.199171199,-6.31E-02,,,,
1.189290522,-0.114968231,,,,
1.174350931,-0.153951539,,,,
1.15614065,-0.173330337,,,,
1.137159324,-0.167137238,,,,
1.120424813,-0.132389005,,,,
1.108982549,-7.20E-02,,,,
1.105140189,3.46E-03,,,,
1.109715985,7.82E-02,,,,
1.121738016,0.136604035,,,,
1.138799467,0.168830897,,,,
1.15782925,0.172569511,,,,
1.175840522,0.151186656,,,,
1.190392581,0.110787485,,,,
1.199762584,5.81E-02,,,,
1.202949887,-6.01E-04,,,,
1.199632511,-5.92E-02,,,,
1.190145769,-0.111746069,,,,
1.175504448,-0.151828219,,,,
1.157446245,-0.172760038,,,,
1.13842537,-0.168466137,,,,
1.121436042,-0.135664732,,,,
1.109544057,-7.68E-02,,,,
1.105134258,-1.89E-03,,,,
1.109143895,7.34E-02,,,,
1.120719562,0.133365058,,,,
1.137530518,0.167542135,,,,
1.15652496,0.173175183,,,,
1.174691745,0.153336738,,,,
1.189544501,0.114027043,,,,
1.19930986,6.19E-02,,,,
1.202938997,3.49E-03,,,,
1.200064539,-5.53E-02,,,,
1.190976485,-0.108465496,,,,
1.176641604,-0.149614646,,,,
1.158747085,-0.172070043,,,,
1.139700928,-0.16965865,,,,
1.122471511,-0.138814769,,,,
1.11014135,-8.15E-02,,,,
1.105168668,-7.23E-03,,,,
1.108607996,6.86E-02,,,,
1.119726013,0.130001825,,,,
1.136271806,0.166116755,,,,
1.155216555,0.173659949,,,,
1.173527091,0.155395028,,,,
1.188672205,0.117206678,,,,
1.198828006,6.58E-02,,,,
1.20289726,7.58E-03,,,,
1.200467076,-5.14E-02,,,,
1.191782237,-0.105128648,,,,
1.177761727,-0.147313006,,,,
1.160042273,-0.171262117,,,,
1.140984969,-0.170715216,,,,
1.123530266,-0.141837237,,,,
1.110773821,-8.61E-02,,,,
1.105243385,-1.26E-02,,,,
1.108108836,6.37E-02,,,,
1.1187583,0.126516526,,,,
1.135024364,0.164554543,,,,
1.153904953,0.174022146,,,,
1.172347263,0.157359355,,,,
1.187776154,0.120324238,,,,
1.198317257,6.96E-02,,,,
1.202824697,1.17E-02,,,,
1.200839931,-4.74E-02,,,,
1.192562609,-0.101737647,,,,
1.178864159,-0.144925491,,,,
1.161330927,-0.17033808,,,,
1.14227647,-0.171636399,,,,
1.124611337,-0.144730436,,,,
1.111440833,-9.07E-02,,,,
1.105358328,-1.79E-02,,,,
1.107646927,5.87E-02,,,,
1.117817334,0.122911533,,,,
1.133789224,0.162855425,,,,
1.152591087,0.174260175,,,,
1.171152975,0.159227562,,,,
1.186856823,0.123377563,,,,
1.197777858,7.34E-02,,,,
1.20272134,1.57E-02,,,,
1.201182926,-4.35E-02,,,,
1.193317201,-9.83E-02,,,,
1.179948262,-0.1424543,,,,
1.162612177,-0.169299797,,,,
1.143574412,-0.172422884,,,,
1.125713742,-0.147492847,,,,
1.112141716,-9.51E-02,,,,
1.105513378,-2.32E-02,,,,
1.107222744,5.37E-02,,,,
1.11690401,0.1191894,,,,
1.132567419,0.161019468,,,,
1.151275898,0.174372511,,,,
1.169944963,0.160997507,,,,
1.185914706,0.126364481,,,,
1.197210073,7.71E-02,,,,
1.202587238,1.98E-02,,,,
1.201495899,-3.95E-02,,,,
1.194045627,-9.48E-02,,,,
1.181013413,-0.139901634,,,,
1.163885169,-0.168149182,,,,
1.144877783,-0.173075472,,,,
1.126836491,-0.150123127,,,,
1.11287577,-9.95E-02,,,,
1.105708372,-2.85E-02,,,,
1.106836725,4.86E-02,,,,
1.1160192,0.115352864,,,,
1.131359981,0.15904689,,,,
1.149960341,0.1743577,,,,
1.168723974,0.162667066,,,,
1.184950312,0.129282817,,,,
1.196614179,8.08E-02,,,,
1.202422455,2.39E-02,,,,
1.201778701,-3.55E-02,,,,
1.19474752,-9.13E-02,,,,
1.182059005,-0.137269692,,,,
1.165149063,-0.166888187,,,,
1.146185574,-0.173595072,,,,
1.127978581,-0.152620105,,,,
1.113642267,-0.103715126,,,,
1.105943105,-3.37E-02,,,,
1.10648927,4.35E-02,,,,
1.115163756,0.111404844,,,,
1.13016794,0.156938062,,,,
1.148645378,0.17421437,,,,
1.167490776,0.164234135,,,,
1.183964167,0.132130386,,,,
1.19599047,8.45E-02,,,,
1.202227065,2.79E-02,,,,
1.2020312,-3.15E-02,,,,
1.195422524,-8.77E-02,,,,
1.183084449,-0.134560675,,,,
1.166403033,-0.165518805,,,,
1.147496787,-0.173982699,,,,
1.129139003,-0.154982782,,,,
1.114440448,-0.107863631,,,,
1.106217333,-3.90E-02,,,,
1.10618074,3.83E-02,,,,
1.114338509,0.107348436,,,,
1.12899232,0.154693509,,,,
1.147331987,0.173941234,,,,
1.166246147,0.165696637,,,,
1.182956812,0.134904997,,,,
1.195339253,8.81E-02,,,,
1.202001162,3.20E-02,,,,
1.202253277,-2.74E-02,,,,
1.196070305,-8.40E-02,,,,
1.184089171,-0.131776783,,,,
1.16764627,-0.16404306,,,,
1.14881043,-0.174239468,,,,
1.130316741,-0.157210327,,,,
1.115269532,-0.111906605,,,,
1.106530769,-4.41E-02,,,,
1.105911457,3.31E-02,,,,
1.113544264,0.103186918,,,,
1.127834144,0.152313919,,,,
1.146021149,0.173537094,,,,
1.164990886,0.16705252,,,,
1.181928807,0.137604456,,,,
1.194660853,9.17E-02,,,,
1.201744851,3.60E-02,,,,
1.202444828,-2.34E-02,,,,
1.196690538,-8.04E-02,,,,
1.185072614,-0.128920208,,,,
1.168877978,-0.162463006,,,,
1.15012552,-0.174366588,,,,
1.131510773,-0.159302072,,,,
1.116128709,-0.115840793,,,,
1.106883087,-4.93E-02,,,,
1.1056817,2.78E-02,,,,
1.1127818,9.89E-02,,,,
1.126694427,0.149800144,,,,
1.144713858,0.173000849,,,,
1.163725804,0.168299763,,,,
1.180880726,0.140226564,,,,
1.19395561,9.52E-02,,,,
1.201458253,4.00E-02,,,,
1.202605763,-1.93E-02,,,,
1.197282918,-7.67E-02,,,,
1.18603424,-0.12599314,,,,
1.170097378,-0.160780726,,,,
1.151441084,-0.174365356,,,,
1.132720072,-0.161257512,,,,
1.117017146,-0.11966312,,,,
1.107273921,-5.43E-02,,,,
1.105491712,2.25E-02,,,,
1.112051872,9.46E-02,,,,
1.125574178,0.147153205,,,,
1.143411114,0.172331496,,,,
1.162451729,0.169436379,,,,
1.179813162,0.142769121,,,,
1.193223877,9.87E-02,,,,
1.201141502,4.40E-02,,,,
1.202736007,-1.52E-02,,,,
1.197847153,-7.29E-02,,,,
1.186973523,-0.122997764,,,,
1.171303708,-0.158998326,,,,
1.152756159,-0.174237156,,,,
1.133943607,-0.163076295,,,,
1.11793399,-0.12337069,,,,
1.107702866,-5.94E-02,,,,
1.10534169,1.72E-02,,,,
1.111355204,9.01E-02,,,,
1.124474397,0.144374293,,,,
1.142113924,0.171528138,,,,
1.161169502,0.17046042,,,,
1.178726722,0.145229926,,,,
1.192466027,0.102166349,,,,
1.200794748,4.79E-02,,,,
1.2028355,-1.11E-02,,,,
1.198382969,-6.91E-02,,,,
1.187889957,-0.119936254,,,,
1.17249622,-0.157117931,,,,
1.154069792,-0.17398345,,,,
1.135180349,-0.164758223,,,,
1.118878364,-0.12696079,,,,
1.10816948,-6.43E-02,,,,
1.105231792,1.19E-02,,,,
1.110692493,8.56E-02,,,,
1.123396075,0.141464775,,,,
1.140823304,0.170589991,,,,
1.159879979,0.17136998,,,,
1.177622033,0.147606778,,,,
1.191682445,0.105550666,,,,
1.200418156,5.19E-02,,,,
1.202904194,-7.06E-03,,,,
1.198890103,-6.53E-02,,,,
1.188783051,-0.116810781,,,,
1.173674182,-0.155141687,,,,
1.155381043,-0.173605773,,,,
1.136429262,-0.166303246,,,,
1.119849372,-0.130430888,,,,
1.108673282,-6.92E-02,,,,
1.105162134,6.56E-03,,,,
1.110064405,8.09E-02,,,,
1.122340191,0.138426192,,,,
1.139540272,0.169516383,,,,
1.158584033,0.172163195,,,,
1.176499735,0.14989748,,,,
1.190873535,0.108880565,,,,
1.200011905,5.58E-02,,,,
1.202942058,-2.97E-03,,,,
1.199368311,-6.15E-02,,,,
1.189652331,-0.113623504,,,,
1.17483688,-0.153071751,,,,
1.156688982,-0.173105733,,,,
1.137689316,-0.167711457,,,,
1.120846099,-0.133778634,,,,
1.109213756,-7.40E-02,,,,
1.105132788,1.22E-03,,,,
1.109471573,7.62E-02,,,,
1.121307713,0.135260266,,,,
1.138265852,0.168306765,,,,
1.157282546,0.172838256,,,,
1.175360488,0.15209984,,,,
1.190039715,0.11215392,,,,
1.199576188,5.97E-02,,,,
1.202949074,1.11E-03,,,,
1.199817362,-5.76E-02,,,,
1.190497339,-0.110376573,,,,
1.175983616,-0.150910297,,,,
1.157992691,-0.172484999,,,,
1.138959479,-0.168983085,,,,
1.121867614,-0.137001864,,,,
1.10979035,-7.88E-02,,,,
1.105143785,-4.13E-03,,,,
1.108914599,7.14E-02,,,,
1.120299595,0.131968897,,,,
1.137001073,0.166960715,,,,
1.155976418,0.173393404,,,,
1.174204965,0.154211672,,,,
1.189181419,0.115368597,,,,
1.199111214,6.36E-02,,,,
1.20292524,5.20E-03,,,,
1.200237041,-5.37E-02,,,,
1.191317632,-0.107072128,,,,
1.177113705,-0.148659505,,,,
1.159291268,-0.171745304,,,,
1.140238721,-0.170118496,,,,
1.122912971,-0.140098593,,,,
1.110402479,-8.35E-02,,,,
1.105195114,-9.47E-03,,,,
1.108394051,6.66E-02,,,,
1.119316774,0.12855417,,,,
1.135746964,0.165477941,,,,
1.15466656,0.17382694,,,,
1.173033858,0.1562308,,,,
1.188299099,0.118522449,,,,
1.198617207,6.74E-02,,,,
1.202870565,9.29E-03,,,,
1.200627146,-4.97E-02,,,,
1.192112785,-0.1037123,,,,
1.178226484,-0.146321566,,,,
1.160583821,-0.170888436,,,,
1.141526016,-0.171118181,,,,
1.123981208,-0.143067017,,,,
1.111049523,-8.81E-02,,,,
1.105286721,-1.48E-02,,,,
1.107910461,6.16E-02,,,,
1.118360174,0.12501835,,,,
1.134504558,0.163858285,,,,
1.153353894,0.174137229,,,,
1.171847874,0.158155058,,,,
1.187393221,0.12161332,,,,
1.198094406,7.12E-02,,,,
1.202785077,1.34E-02,,,,
1.200987493,-4.58E-02,,,,
1.192882388,-0.100299208,,,,
1.179321303,-0.143898674,,,,
1.161869474,-0.169916232,,,,
1.142820344,-0.171982756,,,,
1.125071351,-0.145905515,,,,
1.11173083,-9.25E-02,,,,
1.10541851,-2.01E-02,,,,
1.107464325,5.66E-02,,,,
1.117430699,0.121363885,,,,
1.133274888,0.162101734,,,,
1.152039357,0.174322701,,,,
1.170647737,0.159982296,,,,
1.186464269,0.124639046,,,,
1.197543064,7.50E-02,,,,
1.202668813,1.74E-02,,,,
1.20131791,-4.18E-02,,,,
1.193626047,-9.68E-02,,,,
1.180397529,-0.141393029,,,,
1.163147362,-0.168830581,,,,
1.144120687,-0.172712956,,,,
1.126182413,-0.148612639,,,,
1.112445718,-9.70E-02,,,,
1.105590342,-2.54E-02,,,,
1.107056104,5.16E-02,,,,
1.116529233,0.117593406,,,,
1.132058985,0.160208418,,,,
1.150723897,0.174381859,,,,
1.169434188,0.161710377,,,,
1.185512742,0.127597454,,,,
1.19696345,7.87E-02,,,,
1.202521829,2.15E-02,,,,
1.201618241,-3.78E-02,,,,
1.194343384,-9.33E-02,,,,
1.181454546,-0.138806831,,,,
1.164416638,-0.167633412,,,,
1.145426034,-0.173309627,,,,
1.1273134,-0.15118712,,,,
1.113193475,-0.101260223,,,,
1.105802037,-3.07E-02,,,,
1.10668622,4.65E-02,,,,
1.115656643,0.113709727,,,,
1.130857882,0.158178618,,,,
1.149408471,0.174313286,,,,
1.168207982,0.163337188,,,,
1.184539156,0.130486363,,,,
1.196355849,8.24E-02,,,,
1.202344194,2.56E-02,,,,
1.201888344,-3.38E-02,,,,
1.195034037,-8.98E-02,,,,
1.182491755,-0.136142282,,,,
1.165676468,-0.166326695,,,,
1.146735382,-0.173773723,,,,
1.128463305,-0.153627858,,,,
1.11397336,-0.105468419,,,,
1.106053374,-3.59E-02,,,,
1.106355056,4.13E-02,,,,
1.11481377,0.109715841,,,,
1.129672606,0.156012767,,,,
1.148094049,0.174115643,,,,
1.166969892,0.164860634,,,,
1.183544045,0.133303587,,,,
1.195720559,8.60E-02,,,,
1.202135989,2.96E-02,,,,
1.202128092,-2.98E-02,,,,
1.195697659,-8.62E-02,,,,
1.183508573,-0.133401581,,,,
1.166926032,-0.164912435,,,,
1.148047735,-0.174106303,,,,
1.129631117,-0.155933927,,,,
1.114784604,-0.109573052,,,,
1.106344091,-4.11E-02,,,,
1.106062956,3.61E-02,,,,
1.114001434,0.105614922,,,,
1.128504182,0.153711461,,,,
1.146781608,0.173787679,,,,
1.165720704,0.166278648,,,,
1.182527956,0.136046933,,,,
1.195057896,8.96E-02,,,,
1.201897314,3.37E-02,,,,
1.202337372,-2.57E-02,,,,
1.196333919,-8.25E-02,,,,
1.184504433,-0.130586925,,,,
1.168164527,-0.163392672,,,,
1.149362104,-0.17430852,,,,
1.130815817,-0.158104565,,,,
1.115626414,-0.113570766,,,,
1.106673883,-4.63E-02,,,,
1.105810226,3.09E-02,,,,
1.11322043,0.101410319,,,,
1.127353627,0.151275456,,,,
1.145472137,0.173328239,,,,
1.164461223,0.167589191,,,,
1.181491456,0.138714204,,,,
1.194368191,9.32E-02,,,,
1.201628279,3.77E-02,,,,
1.202516087,-2.17E-02,,,,
1.196942501,-7.88E-02,,,,
1.185478787,-0.127700506,,,,
1.169391165,-0.16176947,,,,
1.150677511,-0.174381622,,,,
1.132016379,-0.160139171,,,,
1.116497971,-0.117458383,,,,
1.107042408,-5.14E-02,,,,
1.105597129,2.56E-02,,,,
1.112471528,9.71E-02,,,,
1.126221957,0.148705673,,,,
1.144166632,0.172736259,,,,
1.163192266,0.168790256,,,,
1.180435128,0.141303202,,,,
1.193651789,9.67E-02,,,,
1.201329012,4.17E-02,,,,
1.202664153,-1.76E-02,,,,
1.197523107,-7.51E-02,,,,
1.186431101,-0.124744512,,,,
1.170605174,-0.160044924,,,,
1.151992987,-0.174326943,,,,
1.133231777,-0.162037305,,,,
1.117398433,-0.121232902,,,,
1.107449285,-5.65E-02,,,,
1.105423888,2.03E-02,,,,
1.111755468,9.27E-02,,,,
1.125110175,0.146003205,,,,
1.142866095,0.172010782,,,,
1.161914667,0.169879872,,,,
1.179359568,0.143811724,,,,
1.192909052,0.100177923,,,,
1.200999653,4.56E-02,,,,
1.2027815,-1.35E-02,,,,
1.19807545,-7.13E-02,,,,
1.187360858,-0.121721122,,,,
1.171805796,-0.158221146,,,,
1.153307572,-0.1741459,,,,
1.134460979,-0.163798681,,,,
1.118326936,-0.124891503,,,,
1.107894091,-6.15E-02,,,,
1.105290685,1.50E-02,,,,
1.111072965,8.82E-02,,,,
1.124019278,0.143169316,,,,
1.141571538,0.171150958,,,,
1.160629273,0.170856108,,,,
1.178265395,0.146237571,,,,
1.192140357,0.103592854,,,,
1.200640359,4.96E-02,,,,
1.202868075,-9.43E-03,,,,
1.198599263,-6.75E-02,,,,
1.188267557,-0.118632511,,,,
1.172992291,-0.156300272,,,,
1.15462032,-0.173839986,,,,
1.135702954,-0.165423163,,,,
1.119282595,-0.12843155,,,,
1.108376369,-6.64E-02,,,,
1.105197659,9.66E-03,,,,
1.110424702,8.36E-02,,,,
1.122950252,0.140205446,,,,
1.140283977,0.170156048,,,,
1.159336949,0.171717075,,,,
1.177153238,0.148578543,,,,
1.191346098,0.106954596,,,,
1.200251299,5.35E-02,,,,
1.202923837,-5.35E-03,,,,
1.199094289,-6.37E-02,,,,
1.189150716,-0.115480843,,,,
1.174163935,-0.154284452,,,,
1.155930293,-0.173410768,,,,
1.136956667,-0.166910762,,,,
1.120264507,-0.131850586,,,,
1.108895623,-7.13E-02,,,,
1.105144909,4.32E-03,,,,
1.109811332,7.90E-02,,,,
1.121904072,0.137113211,,,,
1.139004434,0.169025432,,,,
1.158038569,0.172460932,,,,
1.176023747,0.150832445,,,,
1.190526684,0.11026103,,,,
1.19983266,5.74E-02,,,,
1.202948759,-1.26E-03,,,,
1.19956029,-5.98E-02,,,,
1.190009867,-0.112268274,,,,
1.175320019,-0.152175852,,,,
1.157236568,-0.172859879,,,,
1.138221088,-0.168261629,,,,
1.121271749,-0.13514634,,,,
1.109451322,-7.60E-02,,,,
1.105132489,-1.03E-03,,,,
1.109233474,7.42E-02,,,,
1.120881699,0.133894409,,,,
1.137733934,0.167758613,,,,
1.156735025,0.17308589,,,,
1.174877588,0.152997086,,,,
1.18968254,0.113510025,,,,
1.199384641,6.13E-02,,,,
1.20294283,2.83E-03,,,,
1.199997042,-5.59E-02,,,,
1.190844558,-0.108996951,,,,
1.176459852,-0.149976646,,,,
1.158538234,-0.172189017,,,,
1.139495186,-0.16947605,,,,
1.122303384,-0.138316723,,,,
1.110042899,-8.08E-02,,,,
1.105160413,-6.37E-03,,,,
1.108691717,6.94E-02,,,,
1.119884082,0.130551017,,,,
1.136473506,0.166355223,,,,
1.15542722,0.173590214,,,,
1.173715441,0.155070285,,,,
1.188814108,0.116699442,,,,
1.198907457,6.52E-02,,,,
1.202906053,6.92E-03,,,,
1.200404336,-5.20E-02,,,,
1.191654353,-0.10566901,,,,
1.177582759,-0.147689022,,,,
1.159834391,-0.171399936,,,,
1.140777932,-0.170554445,,,,
1.123358459,-0.141359826,,,,
1.110669755,-8.54E-02,,,,
1.105228651,-1.17E-02,,,,
1.108186613,6.45E-02,,,,
1.118912152,0.127085194,,,,
1.135224182,0.164815026,,,,
1.15411607,0.173972233,,,,
1.172538004,0.15704987,,,,
1.187921846,0.119827131,,,,
1.198401339,6.90E-02,,,,
1.202838446,1.10E-02,,,,
1.200781977,-4.81E-02,,,,
1.192438835,-0.102286575,,,,
1.17868808,-0.14531517,,,,
1.161124155,-0.170494448,,,,
1.142068302,-0.171497358,,,,
1.124436007,-0.144273922,,,,
1.111331257,-8.99E-02,,,,
1.105337132,-1.70E-02,,,,
1.10771868,5.95E-02,,,,
1.117966824,0.123499284,,,,
1.133986994,0.163137925,,,,
1.152802505,0.174230337,,,,
1.171345993,0.158933681,,,,
1.187006226,0.122890933,,,,
1.19786653,7.28E-02,,,,
1.202740038,1.51E-02,,,,
1.201129786,-4.41E-02,,,,
1.193197599,-9.89E-02,,,,
1.179775173,-0.142857288,,,,
1.162406654,-0.169474411,,,,
1.143365277,-0.172305455,,,,
1.125535048,-0.147057463,,,,
1.112026739,-9.44E-02,,,,
1.105485742,-2.24E-02,,,,
1.107288399,5.45E-02,,,,
1.117048995,0.11979581,,,,
1.132762975,0.161323964,,,,
1.151487465,0.174362987,,,,
1.170140138,0.160719572,,,,
1.18606774,0.125888678,,,,
1.197303292,7.65E-02,,,,
1.202610878,1.92E-02,,,,
1.201447597,-4.01E-02,,,,
1.193930259,-9.54E-02,,,,
1.180843413,-0.140317576,,,,
1.163681031,-0.168341731,,,,
1.144667842,-0.172979518,,,,
1.126654592,-0.149709076,,,,
1.112755507,-9.88E-02,,,,
1.105674324,-2.76E-02,,,,
1.106896214,4.94E-02,,,,
1.116159541,0.115977481,,,,
1.131553157,0.159373338,,,,
1.150171902,0.174368719,,,,
1.168921185,0.162405418,,,,
1.185106894,0.128818191,,,,
1.196711899,8.02E-02,,,,
1.202451024,2.32E-02,,,,
1.201735261,-3.61E-02,,,,
1.194636442,-9.18E-02,,,,
1.181892191,-0.137698235,,,,
1.164946444,-0.167098355,,,,
1.14597499,-0.17352044,,,,
1.12779364,-0.152227564,,,,
1.113516836,-0.103038315,,,,
1.105902682,-3.29E-02,,,,
1.106542532,4.43E-02,,,,
1.115299318,0.112047185,,,,
1.13035857,0.157286391,,,,
1.148856778,0.174246148,,,,
1.167689898,0.163989112,,,,
1.18412421,0.131677288,,,,
1.196092643,8.39E-02,,,,
1.202260551,2.73E-02,,,,
1.201992642,-3.21E-02,,,,
1.195315795,-8.83E-02,,,,
1.182920914,-0.135001466,,,,
1.166202065,-0.165746268,,,,
1.14728572,-0.173929219,,,,
1.128951182,-0.154611901,,,,
1.114309974,-0.107203477,,,,
1.106170577,-3.81E-02,,,,
1.106227719,3.91E-02,,,,
1.114469159,0.108007993,,,,
1.12918024,0.155063624,,,,
1.147543068,0.173993971,,,,
1.166447055,0.16546857,,,,
1.183120229,0.134463781,,,,
1.195445829,8.75E-02,,,,
1.202039548,3.13E-02,,,,
1.202219619,-2.81E-02,,,,
1.195967975,-8.46E-02,,,,
1.183929007,-0.132229467,,,,
1.167447082,-0.164287491,,,,
1.148599038,-0.174206954,,,,
1.130126204,-0.156861228,,,,
1.115134141,-0.111263647,,,,
1.106477728,-4.33E-02,,,,
1.105952104,3.39E-02,,,,
1.113669875,0.103863151,,,,
1.12801919,0.152705698,,,,
1.146231753,0.173610977,,,,
1.165193449,0.166841737,,,,
1.182095507,0.137175475,,,,
1.194771778,9.11E-02,,,,
1.20178812,3.53E-02,,,,
1.202416086,-2.40E-02,,,,
1.19659266,-8.10E-02,,,,
1.184915909,-0.129384434,,,,
1.168680697,-0.162724073,,,,
1.149913962,-0.17435484,,,,
1.131317684,-0.158974852,,,,
1.115988534,-0.115215543,,,,
1.106823816,-4.84E-02,,,,
1.105715974,2.87E-02,,,,
1.112902248,9.96E-02,,,,
1.126876436,0.150213439,,,,
1.144923824,0.173096048,,,,
1.163929891,0.168106587,,,,
1.181050615,0.139810172,,,,
1.194070828,9.47E-02,,,,
1.201506384,3.93E-02,,,,
1.20258195,-2.00E-02,,,,
1.197189539,-7.73E-02,,,,
1.185881079,-0.126468556,,,,
1.169902129,-0.161058092,,,,
1.151229515,-0.174374159,,,,
1.132524597,-0.16095224,,,,
1.116872323,-0.11905606,,,,
1.107208482,-5.35E-02,,,,
1.105519575,2.34E-02,,,,
1.112167038,9.53E-02,,,,
1.125752988,0.147587841,,,,
1.14362028,0.172448166,,,,
1.162657206,0.169261128,,,,
1.179986144,0.142365671,,,,
1.193343331,9.82E-02,,,,
1.201194473,4.33E-02,,,,
1.202717134,-1.59E-02,,,,
1.19775832,-7.35E-02,,,,
1.18682399,-0.123484018,,,,
1.171110612,-0.159291651,,,,
1.152544733,-0.174266283,,,,
1.133745913,-0.162793019,,,,
1.117784657,-0.122782274,,,,
1.107631327,-5.86E-02,,,,
1.105363114,1.81E-02,,,,
1.111464973,9.08E-02,,,,
1.124649848,0.144830066,,,,
1.14232213,0.171666416,,,,
1.161376232,0.170303404,,,,
1.178902698,0.144839772,,,,
1.192589656,0.101617125,,,,
1.200852533,4.73E-02,,,,
1.202821576,-1.18E-02,,,,
1.198298724,-6.97E-02,,,,
1.187744133,-0.120432998,,,,
1.172305396,-0.157426872,,,,
1.153858662,-0.174032659,,,,
1.1349806,-0.164496964,,,,
1.118724663,-0.126391442,,,,
1.108091914,-6.35E-02,,,,
1.105246754,1.28E-02,,,,
1.110796755,8.63E-02,,,,
1.123568009,0.141941453,,,,
1.141030384,0.170749994,,,,
1.160087825,0.171231502,,,,
1.177800901,0.147230274,,,,
1.191810186,0.105009996,,,,
1.200480728,5.13E-02,,,,
1.202895226,-7.72E-03,,,,
1.198810488,-6.59E-02,,,,
1.188641013,-0.117317666,,,,
1.173485747,-0.155465897,,,,
1.155170359,-0.173674814,,,,
1.136227626,-0.166064003,,,,
1.119691449,-0.129881003,,,,
1.108589769,-6.84E-02,,,,
1.105170618,7.42E-03,,,,
1.110163055,8.17E-02,,,,
1.122508451,0.138923516,,,,
1.139746062,0.169698212,,,,
1.158792852,0.172043552,,,,
1.176681391,0.149534979,,,,
1.191005321,0.10834879,,,,
1.200079234,5.52E-02,,,,
1.20293805,-3.63E-03,,,,
1.199293364,-6.21E-02,,,,
1.189514154,-0.114140183,,,,
1.174650947,-0.153410884,,,,
1.156478892,-0.173194341,,,,
1.137485958,-0.167494204,,,,
1.120684102,-0.133248577,,,,
1.109124381,-7.33E-02,,,,
1.105134785,2.08E-03,,,,
1.109564511,7.70E-02,,,,
1.121472144,0.135777946,,,,
1.138470188,0.1685105,,,,
1.157492196,0.172737735,,,,
1.175544825,0.151751695,,,,
1.190175478,0.111631383,,,,
1.199648242,5.91E-02,,,,
1.202950028,4.57E-04,,,,
1.19974712,-5.82E-02,,,,
1.190363096,-0.110902701,,,,
1.175800296,-0.151264001,,,,
1.157783344,-0.172592903,,,,
1.138754564,-0.168787777,,,,
1.121701694,-0.136491971,,,,
1.109695205,-7.80E-02,,,,
1.105139294,-3.27E-03,,,,
1.109001732,7.22E-02,,,,
1.120460044,0.132506616,,,,
1.137203789,0.167186416,,,,
1.156186754,0.173312285,,,,
1.174391873,0.153878234,,,,
1.189321089,0.114855641,,,,
1.199187959,6.29E-02,,,,
1.202931155,4.55E-03,,,,
1.200171536,-5.43E-02,,,,
1.191187393,-0.107607362,,,,
1.176933108,-0.149027429,,,,
1.159082807,-0.171872221,,,,
1.140032415,-0.169945065,,,,
1.122743281,-0.139609171,,,,
1.11030166,-8.27E-02,,,,
1.105184139,-8.62E-03,,,,
1.108475288,6.73E-02,,,,
1.119473092,0.12911158,,,,
1.135947894,0.165725644,,,,
1.154877433,0.173765491,,,,
1.173223225,0.155912417,,,,
1.188442601,0.118019421,,,,
1.198698606,6.68E-02,,,,
1.202881439,8.63E-03,,,,
1.200566411,-5.04E-02,,,,
1.191986617,-0.104256298,,,,
1.178048716,-0.146703358,,,,
1.160376388,-0.171034074,,,,
1.141318485,-0.17096654,,,,
1.123807904,-0.142598345,,,,
1.110943132,-8.73E-02,,,,
1.105269274,-1.40E-02,,,,
1.10798572,6.24E-02,,,,
1.118512214,0.125595075,,,,
1.134703537,0.164128007,,,,
1.153565156,0.174095709,,,,
1.172039585,0.157852079,,,,
1.18754048,0.121120567,,,,
1.198180419,7.06E-02,,,,
1.202800903,1.27E-02,,,,
1.200931555,-4.64E-02,,,,
1.192760356,-0.100851629,,,,
1.179146466,-0.14429398,,,,
1.161663209,-0.170080293,,,,
1.14261175,-0.171852798,,,,
1.12489459,-0.14545784,,,,
1.111618974,-9.18E-02,,,,
1.105394608,-1.93E-02,,,,
1.107533529,5.74E-02,,,,
1.117578315,0.121959518,,,,
1.133471749,0.162393468,,,,
1.152250856,0.174301357,,,,
1.170841675,0.159695064,,,,
1.186615205,0.124156916,,,,
1.197633649,7.44E-02,,,,
1.202689586,1.68E-02,,,,
1.201266797,-4.24E-02,,,,
1.193508214,-9.74E-02,,,,
1.180225724,-0.141801495,,,,
1.162942404,-0.169012758,,,,
1.143911194,-0.172604555,,,,
1.126002355,-0.148186183,,,,
1.112328508,-9.63E-02,,,,
1.105560012,-2.46E-02,,,,
1.10711918,5.24E-02,,,,
1.116672286,0.118207512,,,,
1.132253563,0.160522132,,,,
1.15093548,0.174380928,,,,
1.169630233,0.161439235,,,,
1.185667274,0.127126297,,,,
1.197058563,7.81E-02,,,,
1.202547538,2.09E-02,,,,
1.201571976,-3.85E-02,,,,
1.194229809,-9.39E-02,,,,
1.181285871,-0.139228104,,,,
1.164213121,-0.167833392,,,,
1.145215804,-0.173222639,,,,
1.127130205,-0.150782074,,,,
1.113071028,-0.100574003,,,,
1.10576531,-2.98E-02,,,,
1.106743104,4.73E-02,,,,
1.115794994,0.114341841,,,,
1.13105001,0.158514256,,,,
1.149619984,0.17433299,,,,
1.168406011,0.163082475,,,,
1.184697201,0.130026531,,,,
1.196455443,8.18E-02,,,,
1.202374827,2.49E-02,,,,
1.201846949,-3.44E-02,,,,
1.194924777,-9.03E-02,,,,
1.182326306,-0.136576008,,,,
1.165474526,-0.166544159,,,,
1.146524576,-0.173707988,,,,
1.128277136,-0.153244389,,,,
1.113845797,-0.104798529,,,,
1.106010288,-3.51E-02,,,,
1.106405688,4.21E-02,,,,
1.114947286,0.11036547,,,,
1.129862119,0.156370251,,,,
1.148305334,0.174156191,,,,
1.167169779,0.164622685,,,,
1.183705515,0.132855432,,,,
1.195824586,8.54E-02,,,,
1.202171533,2.90E-02,,,,
1.202091587,-3.04E-02,,,,
1.195592769,-8.67E-02,,,,
1.183346441,-0.133847406,,,,
1.166725796,-0.165147058,,,,
1.147836513,-0.174061643,,,,
1.129442136,-0.155572172,,,,
1.114652051,-0.108920049,,,,
1.106294691,-4.03E-02,,,,
1.106107284,3.70E-02,,,,
1.114129985,0.106281543,,,,
1.128690915,0.154090683,,,,
1.146992508,0.173849268,,,,
1.165922322,0.166057793,,,,
1.182692762,0.135610807,,,,
1.195166304,8.91E-02,,,,
1.201937751,3.30E-02,,,,
1.202305774,-2.64E-02,,,,
1.196233451,-8.31E-02,,,,
1.18434571,-0.131044495,,,,
1.167966125,-0.163644124,,,,
1.149150624,-0.174284745,,,,
1.130624189,-0.157764635,,,,
1.115489,-0.112935178,,,,
1.106618221,-4.55E-02,,,,
1.105848204,3.17E-02,,,,
1.113343889,0.102093382,,,,
1.127537419,0.151676283,,,,
1.145682493,0.173411046,,,,
1.164664441,0.167385757,,,,
1.181659506,0.138290462,,,,
1.194480924,9.26E-02,,,,
1.20167359,3.70E-02,,,,
1.202489411,-2.23E-02,,,,
1.196846506,-7.94E-02,,,,
1.185323559,-0.12816947,,,,
1.169194722,-0.162037417,,,,
1.15046593,-0.174378524,,,,
1.131822269,-0.159821152,,,,
1.116355829,-0.116840709,,,,
1.106980542,-5.06E-02,,,,
1.105628716,2.65E-02,,,,
1.112589774,9.78E-02,,,,
1.126402643,0.149127946,,,,
1.144376282,0.172840449,,,,
1.163396952,0.168604563,,,,
1.180606326,0.140892196,,,,
1.193768792,9.61E-02,,,,
1.201379176,4.10E-02,,,,
1.202642411,-1.82E-02,,,,
1.19743163,-7.57E-02,,,,
1.186279453,-0.125224517,,,,
1.170410813,-0.160329027,,,,
1.151781459,-0.174344302,,,,
1.133035351,-0.161741258,,,,
1.1172517,-0.120633612,,,,
1.107381277,-5.56E-02,,,,
1.105449052,2.12E-02,,,,
1.111868383,9.34E-02,,,,
1.125287595,0.146446736,,,,
1.143074878,0.172136503,,,,
1.162120686,0.169712235,,,,
1.179533819,0.14341381,,,,
1.193030265,9.96E-02,,,,
1.201054647,4.50E-02,,,,
1.202764703,-1.42E-02,,,,
1.197988538,-7.19E-02,,,,
1.187212871,-0.12221182,,,,
1.171613639,-0.158521065,,,,
1.153096252,-0.174183483,,,,
1.134262403,-0.163524641,,,,
1.118175753,-0.124311038,,,,
1.107820014,-6.07E-02,,,,
1.105309399,1.59E-02,,,,
1.111180437,8.89E-02,,,,
1.124193272,0.143633891,,,,
1.141779291,0.171298338,,,,
1.160836489,0.170706834,,,,
1.178442597,0.145853102,,,,
1.192265719,0.103047178,,,,
1.200700156,4.90E-02,,,,
1.20285623,-1.01E-02,,,,
1.198516956,-6.81E-02,,,,
1.188123312,-0.119133552,,,,
1.172802455,-0.156615662,,,,
1.154409359,-0.173897548,,,,
1.135502393,-0.165171143,,,,
1.119127105,-0.127870322,,,,
1.108296298,-6.56E-02,,,,
1.105209904,1.05E-02,,,,
1.110526622,8.44E-02,,,,
1.123120663,0.14069082,,,,
1.140490537,0.170325198,,,,
1.15954522,0.171586464,,,,
1.177333289,0.148207872,,,,
1.191475544,0.106417617,,,,
1.200315871,5.29E-02,,,,
1.202916949,-6.01E-03,,,,
1.199016628,-6.43E-02,,,,
1.189010289,-0.115991879,,,,
1.173976535,-0.154614966,,,,
1.155719841,-0.173488051,,,,
1.136754288,-0.16668075,,,,
1.120104856,-0.131308977,,,,
1.10880964,-7.05E-02,,,,
1.105150672,5.18E-03,,,,
1.109907597,7.97E-02,,,,
1.122070743,0.137619113,,,,
1.139209635,0.169216444,,,,
1.158247755,0.172349278,,,,
1.176206541,0.150475925,,,,
1.190660147,0.109733089,,,,
1.199901976,5.68E-02,,,,
1.202946832,-1.92E-03,,,,
1.199487313,-6.05E-02,,,,
1.189873332,-0.11278896,,,,
1.175135169,-0.152521141,,,,
1.157026773,-0.172956617,,,,
1.138017057,-0.168053591,,,,
1.121108088,-0.134624704,,,,
1.109359515,-7.53E-02,,,,
1.105131764,-1.68E-04,,,,
1.109323988,7.50E-02,,,,
1.121044478,0.134420538,,,,
1.137937611,0.167971559,,,,
1.15694498,0.172993476,,,,
1.175063017,0.152655069,,,,
1.189819951,0.112991466,,,,
1.199458668,6.07E-02,,,,
1.202945865,2.17E-03,,,,
1.199928784,-5.66E-02,,,,
1.190711986,-0.109526942,,,,
1.176277662,-0.15033636,,,,
1.15832924,-0.172304933,,,,
1.139289667,-0.169289931,,,,
1.122135864,-0.137815383,,,,
1.109945362,-8.00E-02,,,,
1.1051532,-5.51E-03,,,,
1.108776387,7.02E-02,,,,
1.120042816,0.131097042,,,,
1.136675493,0.166590152,,,,
1.155637799,0.173517316,,,,
1.173903394,0.154743121,,,,
1.188955395,0.11619061,,,,
1.198986159,6.46E-02,,,,
1.202914049,6.26E-03,,,,
1.200340829,-5.27E-02,,,,
1.191525814,-0.106207962,,,,
1.177403335,-0.148062807,,,,
1.159626344,-0.171534744,,,,
1.140571091,-0.170390169,,,,
1.123187234,-0.140879078,,,,
1.110566586,-8.47E-02,,,,
1.105214959,-1.09E-02,,,,
1.108265352,6.53E-02,,,,
1.119066693,0.127650756,,,,
1.135424314,0.165071968,,,,
1.154327125,0.173919115,,,,
1.172728369,0.156737908,,,,
1.188066933,0.119328372,,,,
1.198484678,6.84E-02,,,,
1.202851398,1.03E-02,,,,
1.200723251,-4.87E-02,,,,
1.192314395,-0.102834149,,,,
1.178511529,-0.145702675,,,,
1.160917195,-0.170647853,,,,
1.141860304,-0.171354829,,,,
1.124261233,-0.143814031,,,,
1.111222559,-8.92E-02,,,,
1.105316974,-1.62E-02,,,,
1.107791407,6.03E-02,,,,
1.118117025,0.124083993,,,,
1.134185104,0.163416885,,,,
1.153013885,0.174197253,,,,
1.171538653,0.158637267,,,,
1.187155038,0.122402594,,,,
1.197954467,7.22E-02,,,,
1.202757942,1.44E-02,,,,
1.201075869,-4.48E-02,,,,
1.193077321,-9.94E-02,,,,
1.179601596,-0.143258159,,,,
1.16220092,-0.169646111,,,,
1.143156286,-0.172184558,,,,
1.125356884,-0.146618666,,,,
1.111912622,-9.37E-02,,,,
1.105459139,-2.15E-02,,,,
1.10735504,5.53E-02,,,,
1.117194713,0.120399249,,,,
1.132958898,0.161624926,,,,
1.151699018,0.174350181,,,,
1.170334975,0.16043905,,,,
1.186220195,0.12541111,,,,
1.197395783,7.59E-02,,,,
1.202633723,1.85E-02,,,,
1.201398515,-4.08E-02,,,,
1.193814205,-9.59E-02,,,,
1.18067291,-0.140731459,,,,
1.163476661,-0.168531416,,,,
1.14445802,-0.17288012,,,,
1.126473198,-0.149291582,,,,
1.112636085,-9.81E-02,,,,
1.105641305,-2.68E-02,,,,
1.1069567,5.03E-02,,,,
1.116300638,0.116599201,,,,
1.131746726,0.15969626,,,,
1.150383474,0.17437642,,,,
1.169118077,0.162141129,,,,
1.18526291,0.128351743,,,,
1.196808899,7.96E-02,,,,
1.202478801,2.26E-02,,,,
1.201691037,-3.68E-02,,,,
1.194524671,-9.24E-02,,,,
1.181724858,-0.138124776,,,,
1.164743572,-0.16730571,,,,
1.145764499,-0.17344239,,,,
1.127609177,-0.151831553,,,,
1.113392228,-0.102358878,,,,
1.105863282,-3.21E-02,,,,
1.1065968,4.51E-02,,,,
1.115435657,0.11268671,,,,
1.13054962,0.157631207,,,,
1.149068215,0.174274573,,,,
1.167888722,0.163741392,,,,
1.184283703,0.131222313,,,,
1.196194104,8.33E-02,,,,
1.202293246,2.66E-02,,,,
1.201953297,-3.28E-02,,,,
1.195208362,-8.88E-02,,,,
1.182756846,-0.135440311,,,,
1.166000823,-0.165970972,,,,
1.14707472,-0.17387235,,,,
1.128763813,-0.154237527,,,,
1.114180302,-0.106540607,,,,
1.106124835,-3.73E-02,,,,
1.106275713,4.00E-02,,,,
1.114600608,0.108664817,,,,
1.129368607,0.155430242,,,,
1.147754211,0.174043325,,,,
1.166647683,0.165237754,,,,
1.18328311,0.134020631,,,,
1.1955517,8.70E-02,,,,
1.202077147,3.07E-02,,,,
1.202185171,-2.87E-02,,,,
1.195864935,-8.52E-02,,,,
1.183768295,-0.132680263,,,,
1.1672476,-0.164529215,,,,
1.148387689,-0.174171082,,,,
1.129936093,-0.156508618,,,,
1.114999533,-0.110617888,,,,
1.106425694,-4.25E-02,,,,
1.105993773,3.48E-02,,,,
1.113796304,0.10453674,,,,
1.128204709,0.153094002,,,,
1.146442444,0.173681448,,,,
1.165395755,0.166628153,,,,
1.182261685,0.136744502,,,,
1.194882007,9.06E-02,,,,
1.201830605,3.47E-02,,,,
1.202386551,-2.47E-02,,,,
1.196494063,-8.16E-02,,,,
1.184758642,-0.129846827,,,,
1.168483102,-0.162982487,,,,
1.14970242,-0.174339766,,,,
1.131124995,-0.158644107,,,,
1.11584912,-0.114587412,,,,
1.106765543,-4.76E-02,,,,
1.105751274,2.95E-02,,,,
1.113023535,0.100305874,,,,
1.127058944,0.150623285,,,,
1.145133903,0.173187809,,,,
1.164133742,0.167910558,,,,
1.181219998,0.13939173,,,,
1.19418536,9.41E-02,,,,
1.201553734,3.87E-02,,,,
1.202557343,-2.06E-02,,,,
1.197095434,-7.79E-02,,,,
1.185727343,-0.126942195,,,,
1.169706545,-0.16133286,,,,
1.151017937,-0.174379672,,,,
1.132329495,-0.160643435,,,,
1.116728238,-0.118446044,,,,
1.10714403,-5.27E-02,,,,
1.105548471,2.42E-02,,,,
1.112283061,9.60E-02,,,,
1.125932323,0.148019057,,,,
1.143829587,0.172561373,,,,
1.162862468,0.169082973,,,,
1.180158635,0.141960115,,,,
1.193462108,9.76E-02,,,,
1.201246666,4.27E-02,,,,
1.202697466,-1.65E-02,,,,
1.197668753,-7.41E-02,,,,
1.186673869,-0.123968552,,,,
1.170917161,-0.159582432,,,,
1.152333274,-0.174292156,,,,
1.133548564,-0.162506203,,,,
1.117636039,-0.122190831,,,,
1.107560763,-5.78E-02,,,,
1.105385574,1.89E-02,,,,
1.111575617,9.16E-02,,,,
1.12482585,0.145282454,,,,
1.1425305,0.171801209,,,,
1.16158277,0.170143434,,,,
1.179078199,0.144447456,,,,
1.192712617,0.101066557,,,,
1.200909546,4.67E-02,,,,
1.202806856,-1.25E-02,,,,
1.198213739,-7.03E-02,,,,
1.187597707,-0.120928078,,,,
1.172114198,-0.157733325,,,,
1.153647474,-0.174078655,,,,
1.13478117,-0.164232164,,,,
1.118571655,-0.125819,,,,
1.108015311,-6.27E-02,,,,
1.105262756,1.36E-02,,,,
1.11090191,8.70E-02,,,,
1.123740519,0.142414786,,,,
1.141237656,0.170906496,,,,
1.1602955,0.171090022,,,,
1.177979311,0.146851551,,,,
1.191937269,0.104467928,,,,
1.200542533,5.06E-02,,,,
1.20288546,-8.38E-03,,,,
1.198730126,-6.65E-02,,,,
1.188498361,-0.117822943,,,,
1.173296919,-0.155787676,,,,
1.154959593,-0.173740682,,,,
1.136026281,-0.165821219,,,,
1.119534195,-0.129327962,,,,
1.108507206,-6.77E-02,,,,
1.105180144,8.28E-03,,,,
1.110262614,8.24E-02,,,,
1.122677312,0.139417538,,,,
1.139952072,0.169876525,,,,
1.159001524,0.17192086,,,,
1.176862606,0.149170203,,,,
1.191136461,0.107815561,,,,
1.200145801,5.45E-02,,,,
1.202933244,-4.29E-03,,,,
1.199217664,-6.27E-02,,,,
1.189375352,-0.11465531,,,,
1.174464604,-0.15374764,,,,
1.156268698,-0.173279821,,,,
1.137282865,-0.167273417,,,,
1.12052275,-0.132715308,,,,
1.109035943,-7.25E-02,,,,
1.105137826,2.94E-03,,,,
1.109658375,7.77E-02,,,,
1.1216372,0.136292373,,,,
1.13867477,0.168710708,,,,
1.157701722,0.17263412,,,,
1.175728738,0.151401217,,,,
1.190310607,0.111107337,,,,
1.199719539,5.84E-02,,,,
1.202950183,-2.01E-04,,,,
1.199676118,-5.88E-02,,,,
1.190228216,-0.111427333,,,,
1.175616549,-0.151615385,,,,
1.157573867,-0.172697722,,,,
1.138549888,-0.168588944,,,,
1.121536395,-0.135978814,,,,
1.109600982,-7.73E-02,,,,
1.105135846,-2.41E-03,,,,
1.109089804,7.30E-02,,,,
1.120621143,0.133041135,,,,
1.137406777,0.16740858,,,,
1.156396988,0.173228026,,,,
1.174578375,0.153542406,,,,
1.189460135,0.114341121,,,,
1.199263952,6.23E-02,,,,
1.202936272,3.89E-03,,,,
1.200105267,-5.49E-02,,,,
1.191056506,-0.108141154,,,,
1.176752066,-0.14939309,,,,
1.158874193,-0.171996099,,,,
1.139826322,-0.169768122,,,,
1.122574187,-0.139116437,,,,
1.110201747,-8.20E-02,,,,
1.105174206,-7.76E-03,,,,
1.10855748,6.81E-02,,,,
1.119630084,0.129665848,,,,
1.136149124,0.165969807,,,,
1.15508823,0.173700861,,,,
1.173412204,0.155591589,,,,
1.188585492,0.117514772,,,,
1.198779259,6.62E-02,,,,
1.202891515,7.98E-03,,,,
1.200504906,-5.10E-02,,,,
1.19185979,-0.104798909,,,,
1.177870485,-0.147082943,,,,
1.16016878,-0.171176721,,,,
1.141111139,-0.170811402,,,,
1.12363517,-0.142126317,,,,
1.11083763,-8.66E-02,,,,
1.105252866,-1.31E-02,,,,
1.108061946,6.32E-02,,,,
1.118664951,0.12616872,,,,
1.134902841,0.164394188,,,,
1.153776365,0.174050967,,,,
1.172230927,0.157546598,,,,
1.18768714,0.120626137,,,,
1.198265692,7.00E-02,,,,
1.202815934,1.21E-02,,,,
1.200874844,-4.71E-02,,,,
1.192637655,-0.101402719,,,,
1.17897115,-0.144687136,,,,
1.161456747,-0.170241412,,,,
1.142403316,-0.171719361,,,,
1.124718374,-0.145006772,,,,
1.111507989,-9.11E-02,,,,
1.105371744,-1.84E-02,,,,
1.107603711,5.82E-02,,,,
1.117726653,0.122552139,,,,
1.133668961,0.162681663,,,,
1.152462328,0.174276753,,,,
1.171035263,0.159405276,,,,
1.186765556,0.123673054,,,,
1.197723502,7.38E-02,,,,
1.202709564,1.61E-02,,,,
1.201214906,-4.31E-02,,,,
1.193389701,-9.80E-02,,,,
1.180053425,-0.142207869,,,,
1.162737226,-0.169192043,,,,
1.143701834,-0.172492696,,,,
1.125822816,-0.1477563,,,,
1.112212152,-9.55E-02,,,,
1.105530713,-2.37E-02,,,,
1.107183247,5.32E-02,,,,
1.116816083,0.118818678,,,,
1.132448518,0.160832314,,,,
1.15114706,0.174376699,,,,
1.169825947,0.161165483,,,,
1.185821234,0.126653352,,,,
1.197152951,7.75E-02,,,,
1.202572455,2.02E-02,,,,
1.20152493,-3.91E-02,,,,
1.194115545,-9.45E-02,,,,
1.181116687,-0.139647341,,,,
1.164009364,-0.16803053,,,,
1.145005682,-0.173132217,,,,
1.126947503,-0.150373573,,,,
1.112949416,-9.99E-02,,,,
1.105729609,-2.90E-02,,,,
1.106800987,4.81E-02,,,,
1.115934111,0.114971092,,,,
1.131242543,0.158846374,,,,
1.149831518,0.174349361,,,,
1.168603728,0.162825097,,,,
1.184854687,0.129564854,,,,
1.19655432,8.12E-02,,,,
1.20240467,2.43E-02,,,,
1.20180477,-3.51E-02,,,,
1.194814819,-9.09E-02,,,,
1.182160331,-0.137007754,,,,
1.165272322,-0.166758833,,,,
1.146313852,-0.173638846,,,,
1.128091433,-0.15285744,,,,
1.113719049,-0.104125975,,,,
1.105968222,-3.42E-02,,,,
1.106457329,4.30E-02,,,,
1.115081589,0.111012317,,,,
1.130052064,0.156724227,,,,
1.148516667,0.174193374,,,,
1.167369375,0.164382017,,,,
1.18386644,0.132405375,,,,
1.195927903,8.49E-02,,,,
1.202206288,2.83E-02,,,,
1.202054295,-3.11E-02,,,,
1.195487173,-8.73E-02,,,,
1.18318377,-0.134291308,,,,
1.166525276,-0.165378944,,,,
1.147625347,-0.174013607,,,,
1.129253596,-0.155206917,,,,
1.114520292,-0.108264294,,,,
1.106246303,-3.95E-02,,,,
1.10615263,3.78E-02,,,,
1.114259343,0.106945468,,,,
1.128878107,0.154466417,,,,
1.147203481,0.17390746,,,,
1.16612367,0.165834168,,,,
1.182857038,0.135172723,,,,
1.19527401,8.85E-02,,,,
1.201977402,3.24E-02,,,,
1.202273387,-2.70E-02,,,,
1.196132269,-8.37E-02,,,,
1.184186433,-0.1315002,,,,
1.167767419,-0.163892892,,,,
1.148939174,-0.174257624,,,,
1.130432975,-0.157421189,,,,
1.115352359,-0.112296755,,,,
1.106563562,-4.46E-02,,,,
1.105887205,3.26E-02,,,,
1.113468176,0.102773839,,,,
1.127721694,0.152073645,,,,
1.145892947,0.173490429,,,,
1.164867411,0.167179499,,,,
1.18182704,0.137864704,,,,
1.194592966,9.21E-02,,,,
1.201718119,3.64E-02,,,,
1.202461943,-2.30E-02,,,,
1.196749787,-8.00E-02,,,,
1.185167763,-0.128636625,,,,
1.168997955,-0.162302734,,,,
1.150254354,-0.174372115,,,,
1.131628547,-0.159499605,,,,
1.116214439,-0.116220121,,,,
1.106919668,-4.98E-02,,,,
1.105661334,2.73E-02,,,,
1.112708866,9.85E-02,,,,
1.12658384,0.149546781,,,,
1.144586057,0.172941191,,,,
1.163601412,0.168415995,,,,
1.180777025,0.140479118,,,,
1.193885112,9.56E-02,,,,
1.201428562,4.04E-02,,,,
1.202619875,-1.89E-02,,,,
1.197339424,-7.63E-02,,,,
1.186127223,-0.125702771,,,,
1.17021611,-0.160610556,,,,
1.151569912,-0.174358386,,,,
1.132839286,-0.161441675,,,,
1.117105697,-0.120031334,,,,
1.107314253,-5.48E-02,,,,
1.105475251,2.20E-02,,,,
1.111982163,9.41E-02,,,,
1.125465551,0.146886862,,,,
1.143283812,0.172258752,,,,
1.162326501,0.169541672,,,,
1.179707585,0.143013766,,,,
1.193150805,9.91E-02,,,,
1.201108866,4.44E-02,,,,
1.20274711,-1.48E-02,,,,
1.197900888,-7.25E-02,,,,
1.187064291,-0.122700822,,,,
1.171421119,-0.158818464,,,,
1.152884888,-0.174217829,,,,
1.134064161,-0.163247061,,,,
1.118025276,-0.123727517,,,,
1.107746907,-5.99E-02,,,,
1.105329153,1.67E-02,,,,
1.111288791,8.97E-02,,,,
1.124367828,0.144095096,,,,
1.141987221,0.171442227,,,,
1.161043521,0.170554585,,,,
1.178619331,0.145466446,,,,
1.192390417,0.102500135,,,,
1.200759182,4.83E-02,,,,
1.202843588,-1.07E-02,,,,
1.198433906,-6.88E-02,,,,
1.187978461,-0.119632953,,,,
1.172612238,-0.156928587,,,,
1.15419833,-0.173951913,,,,
1.13530214,-0.164915582,,,,
1.118972297,-0.127305973,,,,
1.108217185,-6.48E-02,,,,
1.105223191,1.14E-02,,,,
1.110629442,8.51E-02,,,,
1.123291661,0.141172867,,,,
1.140697299,0.170490841,,,,
1.159753331,0.171452832,,,,
1.177512888,0.147834958,,,,
1.191604337,0.105879216,,,,
1.200379677,5.23E-02,,,,
1.202909264,-6.66E-03,,,,
1.198938218,-6.49E-02,,,,
1.188869243,-0.116501331,,,,
1.173788737,-0.154943072,,,,
1.155509297,-0.17356218,,,,
1.13655219,-0.1664472,,,,
1.119945865,-0.130764189,,,,
1.108724602,-6.97E-02,,,,
1.105157478,6.04E-03,,,,
1.110004779,8.05E-02,,,,
1.122238027,0.138121734,,,,
1.139415065,0.169403935,,,,
1.158456802,0.172234555,,,,
1.176388901,0.150117105,,,,
1.190792969,0.109203672,,,,
1.199970531,5.62E-02,,,,
1.202944108,-2.57E-03,,,,
1.19941358,-6.11E-02,,,,
1.189736166,-0.113308117,,,,
1.174949902,-0.152864077,,,,
1.156816861,-0.173050245,,,,
1.137813279,-0.167842022,,,,
1.120945061,-0.134099834,,,,
1.109268638,-7.45E-02,,,,
1.105132082,6.93E-04,,,,
1.109415433,7.57E-02,,,,
1.121207892,0.134943435,,,,
1.138141544,0.168180973,,,,
1.157154822,0.172897949,,,,
1.17524803,0.152310696,,,,
1.189956732,0.112471375,,,,
1.19953194,6.01E-02,,,,
1.202948103,1.52E-03,,,,
1.199859764,-5.72E-02,,,,
1.190578773,-0.110055459,,,,
1.176095037,-0.150693777,,,,
1.158120108,-0.172417784,,,,
1.139084376,-0.169100291,,,,
1.121968953,-0.13731076,,,,
1.109848739,-7.93E-02,,,,
1.105147031,-4.65E-03,,,,
1.108862002,7.10E-02,,,,
1.12020221,0.131639891,,,,
1.136877764,0.166821543,,,,
1.155848288,0.173441261,,,,
1.17409095,0.154413545,,,,
1.189096063,0.11568019,,,,
1.199064112,6.39E-02,,,,
1.202921247,5.60E-03,,,,
1.200276555,-5.33E-02,,,,
1.191396622,-0.106745496,,,,
1.17722346,-0.148434354,,,,
1.159418134,-0.171666534,,,,
1.140364453,-0.170222386,,,,
1.123016594,-0.140395,,,,
1.110464315,-8.39E-02,,,,
1.105202308,-1.00E-02,,,,
1.10834505,6.61E-02,,,,
1.119221917,0.128213202,,,,
1.135624755,0.165325368,,,,
1.154538113,0.173862798,,,,
1.172918354,0.156423477,,,,
1.188211415,0.118827969,,,,
1.198567275,6.78E-02,,,,
1.202863554,9.69E-03,,,,
1.200663754,-4.94E-02,,,,
1.192189291,-0.103380359,,,,
1.178334509,-0.146087998,,,,
1.16071005,-0.170798287,,,,
1.141652482,-0.17120881,,,,
1.124087019,-0.143350769,,,,
1.111114744,-8.85E-02,,,,
1.105297855,-1.53E-02,,,,
1.107865107,6.11E-02,,,,
1.118267934,0.124665651,,,,
1.134383551,0.163692304,,,,
1.153225223,0.174160931,,,,
1.171730952,0.158338329,,,,
1.187303256,0.121912556,,,,
1.198041667,7.16E-02,,,,
1.202775049,1.38E-02,,,,
1.201021177,-4.54E-02,,,,
1.19295637,-1.00E-01,,,,
1.179427534,-0.143656904,,,,
1.16199498,-0.169814889,,,,
1.142947443,-0.172060191,,,,
1.125179254,-0.146176461,,,,
1.11179937,-9.30E-02,,,,
1.105433572,-2.06E-02,,,,
1.107422664,5.61E-02,,,,
1.117341163,0.120999705,,,,
1.133155184,0.161922351,,,,
1.151910554,0.174334097,,,,
1.170529469,0.160155949,,,,
1.18637207,0.124931785,,,,
1.197487544,7.53E-02,,,,
1.202655774,1.78E-02,,,,
1.201348654,-4.14E-02,,,,
1.193697468,-9.65E-02,,,,
1.180501906,-0.141143273,,,,
1.163272062,-0.168718231,,,,
1.144248321,-0.172777274,,,,
1.126292312,-0.148870648,,,,
1.112517509,-9.74E-02,,,,
1.105609317,-2.59E-02,,,,
1.10701818,5.11E-02,,,,
1.116442487,0.117218013,,,,
1.131940685,0.160015653,,,,
1.150595054,0.174380808,,,,
1.169314647,0.161874206,,,,
1.18541836,0.127883483,,,,
1.196905176,7.91E-02,,,,
1.202505785,2.19E-02,,,,
1.201646031,-3.74E-02,,,,
1.194412207,-9.30E-02,,,,
1.181557009,-0.138549305,,,,
1.16454045,-0.167510246,,,,
1.145554104,-0.173360917,,,,
1.127425196,-0.151432076,,,,
1.113268446,-0.101676828,,,,
1.105824905,-3.12E-02,,,,
1.106652071,4.60E-02,,,,
1.11557277,0.113323405,,,,
1.130741087,0.157972507,,,,
1.149279684,0.174299652,,,,
1.168087243,0.163490985,,,,
1.184442642,0.130765469,,,,
1.19629485,8.27E-02,,,,
1.202325152,2.60E-02,,,,
1.201913166,-3.34E-02,,,,
1.195100228,-8.94E-02,,,,
1.182592247,-0.135877201,,,,
1.16579931,-0.166192907,,,,
1.146863791,-0.173812086,,,,
1.1285769,-0.153859665,,,,
1.114051436,-0.105875035,,,,
1.106080111,-3.64E-02,,,,
1.106324718,4.08E-02,,,,
1.114732852,0.109318894,,,,
1.129557416,0.155793362,,,,
1.147965412,0.174089299,,,,
1.16684803,0.165004197,,,,
1.183445452,0.133575554,,,,
1.195656865,8.64E-02,,,,
1.202113959,3.00E-02,,,,
1.202149935,-2.94E-02,,,,
1.195761184,-8.58E-02,,,,
1.183607037,-0.13312916,,,,
1.167047825,-0.164768225,,,,
1.148176384,-0.174131846,,,,
1.129746411,-0.156152501,,,,
1.114865709,-0.109969342,,,,
1.106374668,-4.16E-02,,,,
1.106036462,3.56E-02,,,,
1.11392355,0.105207669,,,,
1.128390697,0.153478828,,,,
1.146653218,0.17374851,,,,
1.165597799,0.166411775,,,,
1.182427339,0.136311547,,,,
1.194991539,9.00E-02,,,,
1.201872305,3.40E-02,,,,
1.202356226,-2.53E-02,,,,
1.196394747,-8.21E-02,,,,
1.184600815,-0.130307379,,,,
1.168285194,-0.163238239,,,,
1.149490898,-0.174321362,,,,
1.130932709,-0.15830984,,,,
1.115710469,-0.113956412,,,,
1.106708269,-4.68E-02,,,,
1.105787602,3.04E-02,,,,
1.113145656,0.100993099,,,,
1.127241947,0.151029678,,,,
1.145344092,0.173276134,,,,
1.164337353,0.167711685,,,,
1.181388871,0.13897125,,,,
1.194299204,9.35E-02,,,,
1.201600304,3.81E-02,,,,
1.202531943,-2.13E-02,,,,
1.197000603,-7.85E-02,,,,
1.185573034,-0.12741405,,,,
1.169510629,-0.16160502,,,,
1.150806355,-0.174381889,,,,
1.13213477,-0.160331098,,,,
1.116584895,-0.117833082,,,,
1.107080568,-5.19E-02,,,,
1.105578399,2.51E-02,,,,
1.112399938,9.67E-02,,,,
1.12611218,0.14844685,,,,
1.144039028,0.172671121,,,,
1.163067513,0.168901922,,,,
1.180330633,0.141552463,,,,
1.193580206,9.71E-02,,,,
1.201298083,4.21E-02,,,,
1.202677003,-1.72E-02,,,,
1.197578453,-7.47E-02,,,,
1.186523161,-0.124451359,,,,
1.17072336,-0.159870661,,,,
1.152121785,-0.174314771,,,,
1.133351565,-0.162215849,,,,
1.117488141,-0.12159637,,,,
1.107491178,-5.69E-02,,,,
1.105409072,1.98E-02,,,,
1.111687134,9.23E-02,,,,
1.125002399,0.145731452,,,,
1.142739033,0.171932523,,,,
1.161789113,0.169980519,,,,
1.179253223,0.144052986,,,,
1.19283491,0.100514653,,,,
1.200965785,4.60E-02,,,,
1.202791339,-1.31E-02,,,,
1.198128014,-7.10E-02,,,,
1.187450681,-0.121421486,,,,
1.171922631,-0.15803728,,,,
1.153436232,-0.174121431,,,,
1.134582064,-0.163963822,,,,
1.118419343,-0.125243475,,,,
1.107939675,-6.19E-02,,,,
1.105279798,1.45E-02,,,,
1.111007955,8.78E-02,,,,
1.123913601,0.142884767,,,,
1.141445116,0.1710595,,,,
1.160503002,0.170945548,,,,
1.17815726,0.146470618,,,,
1.192063694,0.103924469,,,,
1.200603568,5.00E-02,,,,
1.202874898,-9.03E-03,,,,
1.198649018,-6.72E-02,,,,
1.188355097,-0.118326604,,,,
1.173107703,-0.156107012,,,,
1.154748749,-0.173803371,,,,
1.135825234,-0.165574896,,,,
1.119377614,-0.128771775,,,,
1.108425597,-6.69E-02,,,,
1.105190713,9.14E-03,,,,
1.110363081,8.32E-02,,,,
1.12284677,0.139908251,,,,
1.140158295,0.170051325,,,,
1.159210046,0.171795127,,,,
1.177043377,0.14880316,,,,
1.191266953,0.107280888,,,,
1.200211603,5.39E-02,,,,
1.20292764,-4.95E-03,,,,
1.199141212,-6.33E-02,,,,
1.189235925,-0.115168876,,,,
1.174277854,-0.15408201,,,,
1.156058401,-0.173362164,,,,
1.137080042,-0.167049095,,,,
1.120362047,-0.132178835,,,,
1.108948444,-7.17E-02,,,,
1.105141911,3.80E-03,,,,
1.109753161,7.85E-02,,,,
1.121802879,0.136803539,,,,
1.138879592,0.16890739,,,,
1.157911121,0.172527417,,,,
1.175912224,0.151048416,,,,
1.190445098,0.110581791,,,,
1.199790078,5.78E-02,,,,
1.202949541,-8.58E-04,,,,
1.199604359,-5.95E-02,,,,
1.1900927,-0.111950459,,,,
1.175432377,-0.15196444,,,,
1.157364265,-0.17279945,,,,
1.138345456,-0.168386584,,,,
1.12137172,-0.1354624,,,,
1.109507683,-7.65E-02,,,,
1.105133442,-1.55E-03,,,,
1.109178814,7.37E-02,,,,
1.12078289,0.133572445,,,,
1.137610033,0.16762721,,,,
1.156607119,0.173140637,,,,
1.174764468,0.153204199,,,,
1.189598556,0.113825046,,,,
1.199339193,6.17E-02,,,,
1.202940591,3.23E-03,,,,
1.200038235,-5.56E-02,,,,
1.190924971,-0.108673497,,,,
1.176570582,-0.149756479,,,,
1.15866543,-0.172116931,,,,
1.139620446,-0.169587663,,,,
1.122405693,-0.138620399,,,,
1.110102742,-8.12E-02,,,,
1.105165316,-6.90E-03,,,,
1.108640622,6.89E-02,,,,
1.119787747,0.130216964,,,,
1.136350647,0.16621043,,,,
1.155298946,0.173633056,,,,
1.173600793,0.155268326,,,,
1.18872777,0.117008513,,,,
1.198859165,6.55E-02,,,,
1.202900794,7.32E-03,,,,
1.200442633,-5.16E-02,,,,
1.191732306,-0.105340125,,,,
1.177691795,-0.147460313,,,,
1.159961,-0.17131637,,,,
1.140903983,-0.170652763,,,,
1.123463012,-0.141650942,,,,
1.110733019,-8.58E-02,,,,
1.105237499,-1.22E-02,,,,
1.108139136,6.40E-02,,,,
1.118818382,0.126739275,,,,
1.135102466,0.164656827,,,,
1.153987518,0.174003009,,,,
1.172421897,0.157238626,,,,
1.187833199,0.120130041,,,,
1.198350225,6.94E-02,,,,
1.202830168,1.14E-02,,,,
1.20081736,-4.77E-02,,,,
1.192514286,-0.101952467,,,,
1.178795359,-0.145078134,,,,
1.161250091,-0.17039958,,,,
1.142195045,-0.171582442,,,,
1.124542708,-0.144552318,,,,
1.111397879,-9.04E-02,,,,
1.105349916,-1.76E-02,,,,
1.10767487,5.90E-02,,,,
1.117875708,0.123141736,,,,
1.133866522,0.162966318,,,,
1.152673767,0.174248894,,,,
1.171228498,0.159112941,,,,
1.186915318,0.123187469,,,,
1.197812621,7.31E-02,,,,
1.202728747,1.55E-02,,,,
1.201162238,-4.37E-02,,,,
1.193270511,-9.85E-02,,,,
1.179880634,-0.142612141,,,,
1.162531832,-0.169368427,,,,
1.143492613,-0.172377376,,,,
1.1256438,-0.147322996,,,,
1.112096652,-9.48E-02,,,,
1.105502448,-2.29E-02,,,,
1.107248301,5.40E-02,,,,
1.116960619,0.119426891,,,,
1.132643848,0.161138963,,,,
1.151358633,0.174369178,,,,
1.170021327,0.160889129,,,,
1.185974619,0.126178628,,,,
1.197246613,7.69E-02,,,,
1.202596577,1.96E-02,,,,
1.201477103,-3.97E-02,,,,
1.194000594,-9.50E-02,,,,
1.180946994,-0.140064534,,,,
1.163805368,-0.168224819,,,,
1.144795671,-0.173038359,,,,
1.126765299,-0.149961622,,,,
1.112828641,-9.92E-02,,,,
1.105694935,-2.82E-02,,,,
1.10685987,4.89E-02,,,,
1.11607399,0.115597466,,,,
1.131435476,0.159174968,,,,
1.15004307,0.174362404,,,,
1.168801132,0.162565063,,,,
1.185011611,0.129101341,,,,
1.196652479,8.06E-02,,,,
1.202433721,2.36E-02,,,,
1.201761807,-3.57E-02,,,,
1.194704165,-9.15E-02,,,,
1.181993834,-0.137437513,,,,
1.165069859,-0.166970708,,,,
1.146103214,-0.173566294,,,,
1.127906203,-0.152467014,,,,
1.113593119,-0.103450771,,,,
1.105927176,-3.34E-02,,,,
1.106509979,4.38E-02,,,,
1.115216675,0.111656367,,,,
1.130242436,0.157074695,,,,
1.148728042,0.174227196,,,,
1.167568678,0.16413864,,,,
1.184026818,0.131953425,,,,
1.19603051,8.43E-02,,,,
1.202240254,2.77E-02,,,,
1.202016216,-3.17E-02,,,,
1.195380871,-8.79E-02,,,,
1.183020562,-0.134733279,,,,
1.166324477,-0.165608083,,,,
1.147414241,-0.173962189,,,,
1.129065502,-0.154838164,,,,
1.11438933,-0.1076058,,,,
1.106198928,-3.86E-02,,,,
1.106198991,3.86E-02,,,,
1.114389505,0.107606682,,,,
1.129065753,0.154838659,,,,
1.147414523,0.17396226,,,,
1.166324745,0.165607779,,,,
1.18302078,0.13473269,,,,
1.195381014,8.79E-02,,,,
1.202016267,3.17E-02,,,,
1.202240209,-2.77E-02,,,,
1.196030373,-8.43E-02,,,,
1.184026604,-0.13195403,,,,
1.167568412,-0.164138967,,,,
1.14872776,-0.174227153,,,,
1.130242181,-0.157074229,,,,
1.115216494,-0.111655509,,,,
1.106509908,-4.38E-02,,,,
1.10592723,3.34E-02,,,,
1.113593287,0.103451675,,,,
1.12790645,0.152467538,,,,
1.146103495,0.173566393,,,,
1.165070129,0.166970427,,,,
1.181994057,0.13743694,,,,
1.194704314,9.15E-02,,,,
1.201761865,3.57E-02,,,,
1.202433683,-2.36E-02,,,,
1.196652348,-8.06E-02,,,,
1.185011402,-0.129101962,,,,
1.168800868,-0.162565412,,,,
1.150042788,-0.174362389,,,,
1.131435218,-0.159174532,,,,
1.116073803,-0.115596631,,,,
1.10685979,-4.89E-02,,,,
1.105694981,2.82E-02,,,,
1.112828802,9.92E-02,,,,
1.126765542,0.149962174,,,,
1.144795952,0.173038486,,,,
1.163805641,0.168224561,,,,
1.180947221,0.140063978,,,,
1.194000748,9.50E-02,,,,
1.201477168,3.97E-02,,,,
1.202596545,-1.96E-02,,,,
1.197246489,-7.69E-02,,,,
1.185974415,-0.126179263,,,,
1.170021066,-0.1608895,,,,
1.151358351,-0.17436919,,,,
1.132643587,-0.161138556,,,,
1.116960425,-0.119426081,,,,
1.107248213,-5.40E-02,,,,
1.105502485,2.29E-02,,,,
1.112096805,9.48E-02,,,,
1.125644039,0.147323577,,,,
1.143492892,0.172377532,,,,
1.162532106,0.169368193,,,,
1.179880865,0.142611602,,,,
1.193270671,9.85E-02,,,,
1.201162309,4.37E-02,,,,
1.202728722,-1.55E-02,,,,
1.197812502,-7.31E-02,,,,
1.186915118,-0.123188119,,,,
1.17122824,-0.159113333,,,,
1.152673484,-0.174248933,,,,
1.133866257,-0.162965941,,,,
1.117875508,-0.12314095,,,,
1.107674774,-5.90E-02,,,,
1.105349944,1.76E-02,,,,
1.111398025,9.04E-02,,,,
1.124542942,0.144552927,,,,
1.142195324,0.171582627,,,,
1.161250367,0.170399371,,,,
1.178795594,0.145077613,,,,
1.192514452,0.101951734,,,,
1.200817437,4.77E-02,,,,
1.20283015,-1.14E-02,,,,
1.198350113,-6.94E-02,,,,
1.187833004,-0.120130705,,,,
1.172421642,-0.157239039,,,,
1.153987236,-0.174003075,,,,
1.135102199,-0.164656479,,,,
1.118818177,-0.126738514,,,,
1.108139033,-6.40E-02,,,,
1.105237519,1.22E-02,,,,
1.110733159,8.58E-02,,,,
1.123463241,0.141651579,,,,
1.14090426,0.170652977,,,,
1.159961278,0.171316185,,,,
1.177692034,0.14745981,,,,
1.191732477,0.105339403,,,,
1.200442717,5.16E-02,,,,
1.202900782,-7.32E-03,,,,
1.198859059,-6.55E-02,,,,
1.18872758,-0.117009191,,,,
1.173600541,-0.155268759,,,,
1.155298664,-0.173633149,,,,
1.136350377,-0.166210111,,,,
1.119787536,-0.13021623,,,,
1.108640511,-6.89E-02,,,,
1.105165327,6.90E-03,,,,
1.110102874,8.12E-02,,,,
1.122405918,0.138621064,,,,
1.13962072,0.169587906,,,,
1.158665709,0.172116772,,,,
1.176570825,0.149755995,,,,
1.190925147,0.108672787,,,,
1.200038325,5.56E-02,,,,
1.202940586,-3.23E-03,,,,
1.199339093,-6.17E-02,,,,
1.189598372,-0.113825737,,,,
1.17476422,-0.153204652,,,,
1.156606839,-0.173140755,,,,
1.137609761,-0.16762692,,,,
1.120782673,-0.133571737,,,,
1.109178694,-7.37E-02,,,,
1.105133444,1.55E-03,,,,
1.109507807,7.65E-02,,,,
1.12137194,0.135463093,,,,
1.138345729,0.168386857,,,,
1.157364545,0.172799316,,,,
1.175432623,0.151963975,,,,
1.190092881,0.111949761,,,,
1.199604455,5.95E-02,,,,
1.202949542,8.58E-04,,,,
1.199789984,-5.78E-02,,,,
1.190444919,-0.110582494,,,,
1.175911979,-0.151048889,,,,
1.157910841,-0.172527562,,,,
1.138879318,-0.168907129,,,,
1.121802657,-0.136802858,,,,
1.109753034,-7.85E-02,,,,
1.105141904,-3.80E-03,,,,
1.108948561,7.17E-02,,,,
1.120362261,0.132179554,,,,
1.137080313,0.167049397,,,,
1.156058682,0.173362056,,,,
1.174278104,0.154081565,,,,
1.189236112,0.115168191,,,,
1.199141315,6.33E-02,,,,
1.202927648,4.95E-03,,,,
1.200211516,-5.39E-02,,,,
1.191266779,-0.107281604,,,,
1.177043136,-0.148803652,,,,
1.159209767,-0.171795297,,,,
1.140158019,-0.170051093,,,,
1.122846543,-0.139907598,,,,
1.110362946,-8.32E-02,,,,
1.105190698,-9.14E-03,,,,
1.108425705,6.69E-02,,,,
1.119377822,0.12877252,,,,
1.135825502,0.165575227,,,,
1.154749031,0.17380329,,,,
1.173107956,0.156106587,,,,
1.188355289,0.118325932,,,,
1.198649127,6.72E-02,,,,
1.202874912,9.03E-03,,,,
1.200603487,-5.00E-02,,,,
1.192063526,-0.103925196,,,,
1.178157023,-0.146471128,,,,
1.160502725,-0.170945743,,,,
1.141444839,-0.171059298,,,,
1.123913369,-0.142884142,,,,
1.111007812,-8.78E-02,,,,
1.105279774,-1.45E-02,,,,
1.107939776,6.19E-02,,,,
1.118419546,0.125244246,,,,
1.13458233,0.163964182,,,,
1.153436514,0.174121376,,,,
1.171922887,0.158036876,,,,
1.187450878,0.121420828,,,,
1.198128129,7.10E-02,,,,
1.20279136,1.31E-02,,,,
1.200965711,-4.60E-02,,,,
1.192834747,-0.100515391,,,,
1.17925299,-0.144053515,,,,
1.161788837,-0.169980738,,,,
1.142738754,-0.17193235,,,,
1.125002163,-0.145730855,,,,
1.111686985,-9.23E-02,,,,
1.10540904,-1.98E-02,,,,
1.107491271,5.69E-02,,,,
1.117488339,0.121597167,,,,
1.133351828,0.162216239,,,,
1.152122068,0.174314743,,,,
1.170723619,0.159870278,,,,
1.186523362,0.124450715,,,,
1.197578575,7.47E-02,,,,
1.202677031,1.72E-02,,,,
1.201298015,-4.21E-02,,,,
1.193580049,-9.71E-02,,,,
1.180330403,-0.141553009,,,,
1.163067239,-0.168902165,,,,
1.144038748,-0.172670977,,,,
1.126111939,-0.14844628,,,,
1.112399781,-9.67E-02,,,,
1.105578358,-2.51E-02,,,,
1.107080652,5.19E-02,,,,
1.116585086,0.117833903,,,,
1.13213503,0.160331517,,,,
1.150806637,0.174381888,,,,
1.169510891,0.161604658,,,,
1.18557324,0.12741342,,,,
1.197000731,7.85E-02,,,,
1.202531977,2.13E-02,,,,
1.201600242,-3.81E-02,,,,
1.194299052,-9.35E-02,,,,
1.181388646,-0.138971813,,,,
1.164337081,-0.167711952,,,,
1.145343811,-0.173276018,,,,
1.127241702,-0.151029137,,,,
1.113145493,-0.100992182,,,,
1.105787553,-3.04E-02,,,,
1.106708345,4.68E-02,,,,
1.115710654,0.113957257,,,,
1.130932966,0.158310289,,,,
1.149491181,0.174321388,,,,
1.168285459,0.163237899,,,,
1.184601026,0.130306765,,,,
1.196394881,8.21E-02,,,,
1.202356267,2.53E-02,,,,
1.20187225,-3.40E-02,,,,
1.194991393,-9.00E-02,,,,
1.182427118,-0.136312127,,,,
1.165597529,-0.166412066,,,,
1.146652937,-0.173748422,,,,
1.128390448,-0.153478316,,,,
1.113923379,-0.105206775,,,,
1.106036404,-3.56E-02,,,,
1.106374735,4.16E-02,,,,
1.114865888,0.109970211,,,,
1.129746664,0.156152979,,,,
1.148176667,0.1741319,,,,
1.167048093,0.164767907,,,,
1.183607253,0.133128562,,,,
1.195761323,8.58E-02,,,,
1.202149983,2.94E-02,,,,
1.20211391,-3.00E-02,,,,
1.195656725,-8.64E-02,,,,
1.183445235,-0.13357615,,,,
1.166847763,-0.165004511,,,,
1.14796513,-0.17408924,,,,
1.129557164,-0.155792879,,,,
1.114732675,-0.109318022,,,,
1.106324652,-4.08E-02,,,,
1.10608017,3.64E-02,,,,
1.114051608,0.105875926,,,,
1.128577149,0.153860172,,,,
1.146864072,0.173812168,,,,
1.165799579,0.166192613,,,,
1.182592467,0.135876619,,,,
1.195100373,8.94E-02,,,,
1.20191322,3.34E-02,,,,
1.20232511,-2.60E-02,,,,
1.196294716,-8.27E-02,,,,
1.18444243,-0.13076608,,,,
1.168086978,-0.163491322,,,,
1.149279401,-0.17429962,,,,
1.130740831,-0.157972053,,,,
1.115572586,-0.113322556,,,,
1.106651997,-4.60E-02,,,,
1.105824955,3.12E-02,,,,
1.11326861,0.101677741,,,,
1.127425442,0.151432612,,,,
1.145554385,0.173361029,,,,
1.164540721,0.167509974,,,,
1.181557234,0.138548739,,,,
1.194412358,9.30E-02,,,,
1.201646091,3.74E-02,,,,
1.20250575,-2.19E-02,,,,
1.196905048,-7.91E-02,,,,
1.185418153,-0.12788411,,,,
1.169314384,-0.161874564,,,,
1.150594771,-0.174380804,,,,
1.131940426,-0.160015229,,,,
1.116442297,-0.117217188,,,,
1.107018097,-5.11E-02,,,,
1.105609359,2.59E-02,,,,
1.112517667,9.74E-02,,,,
1.126292553,0.148871213,,,,
1.144248601,0.172777414,,,,
1.163272336,0.168717983,,,,
1.180502135,0.141142724,,,,
1.193697624,9.65E-02,,,,
1.201348721,4.14E-02,,,,
1.202655745,-1.78E-02,,,,
1.197487422,-7.53E-02,,,,
1.186371868,-0.124932427,,,,
1.17052921,-0.160156329,,,,
1.151910271,-0.174334121,,,,
1.133154921,-0.161921956,,,,
1.117340966,-0.120998905,,,,
1.107422573,-5.61E-02,,,,
1.105433605,2.06E-02,,,,
1.111799521,9.30E-02,,,,
1.125179491,0.146177054,,,,
1.142947722,0.172060359,,,,
1.161995255,0.169814666,,,,
1.179427767,0.143656373,,,,
1.192956532,1.00E-01,,,,
1.201021251,4.54E-02,,,,
1.202775027,-1.38E-02,,,,
1.198041551,-7.16E-02,,,,
1.187303058,-0.121913212,,,,
1.171730696,-0.15833873,,,,
1.15322494,-0.174160982,,,,
1.134383286,-0.163691938,,,,
1.118267732,-0.124664876,,,,
1.107865007,-6.11E-02,,,,
1.10529788,1.53E-02,,,,
1.111114887,8.85E-02,,,,
1.124087251,0.14335139,,,,
1.141652759,0.171209007,,,,
1.160710327,0.170798088,,,,
1.178334745,0.146087484,,,,
1.192189459,0.10337963,,,,
1.200663834,4.94E-02,,,,
1.202863538,-9.69E-03,,,,
1.198567165,-6.78E-02,,,,
1.188211222,-0.118828639,,,,
1.172918101,-0.156423899,,,,
1.154537831,-0.173862876,,,,
1.135624487,-0.165325032,,,,
1.119221709,-0.128212452,,,,
1.108344943,-6.61E-02,,,,
1.105202324,1.00E-02,,,,
1.110464451,8.39E-02,,,,
1.123016821,0.140395648,,,,
1.140364728,0.170222612,,,,
1.159418413,0.171666359,,,,
1.177223701,0.148433859,,,,
1.191396795,0.106744779,,,,
1.200276641,5.33E-02,,,,
1.202921238,-5.60E-03,,,,
1.199064009,-6.39E-02,,,,
1.189095876,-0.115680873,,,,
1.1740907,-0.154413987,,,,
1.155848007,-0.173441365,,,,
1.136877493,-0.166821236,,,,
1.120201997,-0.131639168,,,,
1.108861887,-7.10E-02,,,,
1.105147038,4.66E-03,,,,
1.109848867,7.93E-02,,,,
1.121969176,0.137311436,,,,
1.139084651,0.169100547,,,,
1.158120388,0.172417635,,,,
1.176095281,0.150693301,,,,
1.190578951,0.110054754,,,,
1.199859857,5.72E-02,,,,
1.2029481,-1.52E-03,,,,
1.199531842,-6.01E-02,,,,
1.18995655,-0.112472071,,,,
1.175247783,-0.152311157,,,,
1.157154541,-0.172898079,,,,
1.138141271,-0.168180695,,,,
1.121207674,-0.134942739,,,,
1.10941531,-7.57E-02,,,,
1.105132081,-6.91E-04,,,,
1.109268759,7.45E-02,,,,
1.120945278,0.134100537,,,,
1.137813551,0.167842307,,,,
1.156817142,0.173050122,,,,
1.17495015,0.152863621,,,,
1.18973635,0.113307424,,,,
1.199413679,6.11E-02,,,,
1.202944112,2.57E-03,,,,
1.19997044,-5.62E-02,,,,
1.190792792,-0.10920438,,,,
1.176388658,-0.150117586,,,,
1.158456523,-0.17223471,,,,
1.13941479,-0.169403687,,,,
1.122237803,-0.138121064,,,,
1.110004648,-8.05E-02,,,,
1.105157468,-6.04E-03,,,,
1.108724715,6.97E-02,,,,
1.119946077,0.130764919,,,,
1.13655246,0.166447514,,,,
1.155509578,0.173562084,,,,
1.173788988,0.154942635,,,,
1.188869432,0.116500652,,,,
1.198938323,6.49E-02,,,,
1.202909275,6.66E-03,,,,
1.200379593,-5.23E-02,,,,
1.191604166,-0.105879937,,,,
1.177512649,-0.147835458,,,,
1.159753053,-0.171453012,,,,
1.140697022,-0.170490622,,,,
1.123291432,-0.141172225,,,,
1.110629304,-8.51E-02,,,,
1.105223173,-1.14E-02,,,,
1.10821729,6.48E-02,,,,
1.118972504,0.127306729,,,,
1.135302407,0.164915925,,,,
1.154198611,0.173951842,,,,
1.172612492,0.156928171,,,,
1.187978655,0.119632287,,,,
1.198434017,6.88E-02,,,,
1.202843606,1.07E-02,,,,
1.200759104,-4.83E-02,,,,
1.192390251,-0.102500867,,,,
1.178619095,-0.145466964,,,,
1.161043245,-0.170554791,,,,
1.141986943,-0.171442037,,,,
1.124367595,-0.144094482,,,,
1.111288645,-8.97E-02,,,,
1.105329126,-1.67E-02,,,,
1.107747004,5.99E-02,,,,
1.118025476,0.123728298,,,,
1.134064425,0.163247434,,,,
1.152885171,0.174217786,,,,
1.171421376,0.158818068,,,,
1.18706449,0.12270017,,,,
1.197901006,7.25E-02,,,,
1.202747134,1.48E-02,,,,
1.201108794,-4.44E-02,,,,
1.193150644,-9.91E-02,,,,
1.179707353,-0.143014302,,,,
1.162326226,-0.169541902,,,,
1.143283533,-0.172258591,,,,
1.125465313,-0.146886276,,,,
1.111982011,-9.41E-02,,,,
1.105475216,-2.20E-02,,,,
1.107314342,5.48E-02,,,,
1.117105891,0.120032141,,,,
1.132839548,0.161442077,,,,
1.151570195,0.17435837,,,,
1.17021637,0.160610181,,,,
1.186127427,0.125702133,,,,
1.197339547,7.63E-02,,,,
1.202619906,1.89E-02,,,,
1.201428496,-4.04E-02,,,,
1.193884957,-9.56E-02,,,,
1.180776797,-0.140479672,,,,
1.163601139,-0.168416249,,,,
1.144585776,-0.172941058,,,,
1.126583597,-0.149546224,,,,
1.112708706,-9.85E-02,,,,
1.10566129,-2.73E-02,,,,
1.106919749,4.98E-02,,,,
1.116214627,0.116220952,,,,
1.131628806,0.159500037,,,,
1.150254636,0.174372126,,,,
1.168998219,0.162302381,,,,
1.185167972,0.128636002,,,,
1.196749917,8.00E-02,,,,
1.20246198,2.30E-02,,,,
1.20171806,-3.64E-02,,,,
1.194592816,-9.21E-02,,,,
1.181826817,-0.137865274,,,,
1.16486714,-0.167179777,,,,
1.145892666,-0.173490325,,,,
1.127721448,-0.152073116,,,,
1.113468009,-0.102772931,,,,
1.105887153,-3.26E-02,,,,
1.106563634,4.46E-02,,,,
1.115352541,0.112297609,,,,
1.130433231,0.15742165,,,,
1.148939457,0.174257662,,,,
1.167767684,0.163892561,,,,
1.184186646,0.131499592,,,,
1.196132404,8.37E-02,,,,
1.20227343,2.70E-02,,,,
1.20197735,-3.24E-02,,,,
1.195273866,-8.85E-02,,,,
1.182856818,-0.13517331,,,,
1.166123402,-0.165834468,,,,
1.147203199,-0.173907384,,,,
1.128877857,-0.154465917,,,,
1.114259169,-0.106944583,,,,
1.106152568,-3.78E-02,,,,
1.106246367,3.95E-02,,,,
1.114520468,0.108265172,,,,
1.129253848,0.155207407,,,,
1.147625629,0.174013674,,,,
1.166525544,0.165378636,,,,
1.183183988,0.134290716,,,,
1.195487314,8.73E-02,,,,
1.202054345,3.11E-02,,,,
1.202206242,-2.83E-02,,,,
1.195927766,-8.49E-02,,,,
1.183866225,-0.132405977,,,,
1.167369109,-0.164382341,,,,
1.148516384,-0.174193327,,,,
1.13005181,-0.156723757,,,,
1.115081409,-0.111011454,,,,
1.10645726,-4.30E-02,,,,
1.105968277,3.43E-02,,,,
1.113719218,0.104126875,,,,
1.128091681,0.152857959,,,,
1.146314134,0.173638941,,,,
1.165272592,0.166758548,,,,
1.182160553,0.137007179,,,,
1.194814967,9.09E-02,,,,
1.201804827,3.51E-02,,,,
1.20240463,-2.43E-02,,,,
1.196554189,-8.12E-02,,,,
1.184854476,-0.129565472,,,,
1.168603464,-0.162825443,,,,
1.149831236,-0.174349341,,,,
1.131242285,-0.158845933,,,,
1.115933925,-0.114970253,,,,
1.106800909,-4.81E-02,,,,
1.105729656,2.90E-02,,,,
1.112949578,9.99E-02,,,,
1.126947747,0.150374122,,,,
1.145005962,0.173132341,,,,
1.164009636,0.168030269,,,,
1.181116913,0.139646783,,,,
1.194115698,9.45E-02,,,,
1.201524993,3.91E-02,,,,
1.202572422,-2.02E-02,,,,
1.197152826,-7.75E-02,,,,
1.185821029,-0.126653985,,,,
1.169825685,-0.16116585,,,,
1.151146778,-0.174376707,,,,
1.132448257,-0.160831902,,,,
1.11681589,-0.118817863,,,,
1.10718316,-5.32E-02,,,,
1.105530752,2.37E-02,,,,
1.112212307,9.55E-02,,,,
1.125823055,0.147756876,,,,
1.143702114,0.172492848,,,,
1.1627375,0.169191805,,,,
1.180053655,0.142207328,,,,
1.19338986,9.80E-02,,,,
1.201214976,4.31E-02,,,,
1.202709538,-1.61E-02,,,,
1.197723382,-7.38E-02,,,,
1.186765355,-0.123673702,,,,
1.171035005,-0.159405665,,,,
1.152462045,-0.174276788,,,,
1.133668698,-0.16268128,,,,
1.117726454,-0.122551349,,,,
1.107603616,-5.82E-02,,,,
1.105371773,1.84E-02,,,,
1.111508137,9.11E-02,,,,
1.124718609,0.145007377,,,,
1.142403594,0.171719542,,,,
1.161457023,0.170241199,,,,
1.178971385,0.144686613,,,,
1.19263782,0.101401983,,,,
1.20087492,4.71E-02,,,,
1.202815914,-1.21E-02,,,,
1.198265579,-7.00E-02,,,,
1.187686944,-0.120626799,,,,
1.172230672,-0.157547008,,,,
1.153776083,-0.174051029,,,,
1.134902574,-0.164393835,,,,
1.118664746,-0.126167955,,,,
1.108061843,-6.32E-02,,,,
1.105252887,1.31E-02,,,,
1.11083777,8.66E-02,,,,
1.123635401,0.14212695,,,,
1.141111416,0.170811611,,,,
1.160169057,0.171176533,,,,
1.177870723,0.147082437,,,,
1.19185996,0.104798185,,,,
1.200504989,5.10E-02,,,,
1.202891502,-7.98E-03,,,,
1.198779152,-6.62E-02,,,,
1.188585302,-0.117515448,,,,
1.173411952,-0.15559202,,,,
1.155087948,-0.173700949,,,,
1.136148854,-0.165969483,,,,
1.119629874,-0.12966511,,,,
1.108557369,-6.81E-02,,,,
1.105174219,7.76E-03,,,,
1.11020188,8.20E-02,,,,
1.122574413,0.139117098,,,,
1.139826597,0.16976836,,,,
1.158874471,0.171995936,,,,
1.176752308,0.149392603,,,,
1.191056681,0.108140442,,,,
1.200105356,5.49E-02,,,,
1.202936265,-3.89E-03,,,,
1.199263851,-6.23E-02,,,,
1.18945995,-0.11434181,,,,
1.174578126,-0.153542856,,,,
1.156396708,-0.173228141,,,,
1.137406506,-0.167408286,,,,
1.120620928,-0.133040423,,,,
1.109089686,-7.30E-02,,,,
1.10513585,2.41E-03,,,,
1.109601107,7.73E-02,,,,
1.121536615,0.135979502,,,,
1.138550161,0.168589212,,,,
1.157574147,0.172697584,,,,
1.175616795,0.151614917,,,,
1.190228396,0.111426633,,,,
1.199676214,5.88E-02,,,,
1.202950184,2.00E-04,,,,
1.199719445,-5.84E-02,,,,
1.190310426,-0.111108038,,,,
1.175728492,-0.151401687,,,,
1.157701442,-0.17263426,,,,
1.138674496,-0.168710443,,,,
1.121636979,-0.136291688,,,,
1.109658249,-7.77E-02,,,,
1.105137821,-2.94E-03,,,,
1.109036061,7.25E-02,,,,
1.120522965,0.132716023,,,,
1.137283136,0.167273714,,,,
1.156268979,0.173279708,,,,
1.174464854,0.153747191,,,,
1.189375538,0.114654623,,,,
1.199217766,6.27E-02,,,,
1.202933251,4.29E-03,,,,
1.200145712,-5.45E-02,,,,
1.191136286,-0.107816275,,,,
1.176862364,-0.149170692,,,,
1.159001245,-0.171921026,,,,
1.139951796,-0.169876289,,,,
1.122677086,-0.13941688,,,,
1.110262481,-8.24E-02,,,,
1.105180131,-8.28E-03,,,,
1.108507316,6.77E-02,,,,
1.119534404,0.129328703,,,,
1.13602655,0.165821546,,,,
1.154959875,0.173740596,,,,
1.173297172,0.155787247,,,,
1.188498552,0.117822269,,,,
1.198730234,6.65E-02,,,,
1.202885474,8.38E-03,,,,
1.200542451,-5.06E-02,,,,
1.1919371,-0.104468653,,,,
1.177979073,-0.146852058,,,,
1.160295223,-0.171090213,,,,
1.141237379,-0.17090629,,,,
1.123740288,-0.142414156,,,,
1.110901769,-8.70E-02,,,,
1.105262734,-1.36E-02,,,,
1.108015413,6.27E-02,,,,
1.118571859,0.125819767,,,,
1.134781437,0.16423252,,,,
1.153647756,0.174078596,,,,
1.172114454,0.157732917,,,,
1.187597903,0.120927418,,,,
1.198213853,7.03E-02,,,,
1.202806876,1.25E-02,,,,
1.20090947,-4.67E-02,,,,
1.192712453,-0.101067293,,,,
1.179077965,-0.144447981,,,,
1.161582495,-0.17014365,,,,
1.142530222,-0.171801032,,,,
1.124825615,-0.145281852,,,,
1.111575469,-9.15E-02,,,,
1.105385544,-1.89E-02,,,,
1.107560857,5.78E-02,,,,
1.117636238,0.122191623,,,,
1.133548827,0.162506589,,,,
1.152333556,0.174292124,,,,
1.17091742,0.159582045,,,,
1.18667407,0.123967906,,,,
1.197668873,7.41E-02,,,,
1.202697493,1.65E-02,,,,
1.201246597,-4.27E-02,,,,
1.19346195,-9.76E-02,,,,
1.180158405,-0.141960658,,,,
1.162862194,-0.169083213,,,,
1.143829307,-0.172561224,,,,
1.125932084,-0.148018484,,,,
1.112282905,-9.60E-02,,,,
1.105548431,-2.42E-02,,,,
1.107144116,5.27E-02,,,,
1.11672843,0.118446861,,,,
1.132329756,0.16064385,,,,
1.15101822,0.174379667,,,,
1.169706807,0.161332494,,,,
1.185727549,0.126941564,,,,
1.19709556,7.79E-02,,,,
1.202557376,2.06E-02,,,,
1.201553672,-3.87E-02,,,,
1.194185208,-9.41E-02,,,,
1.181219772,-0.139392291,,,,
1.16413347,-0.167910822,,,,
1.145133622,-0.173187688,,,,
1.1270587,-0.15062274,,,,
1.113023372,-0.100304955,,,,
1.105751226,-2.95E-02,,,,
1.10676562,4.76E-02,,,,
1.115849305,0.114588253,,,,
1.131125252,0.158644551,,,,
1.149702702,0.174339788,,,,
1.168483366,0.162982143,,,,
1.184758853,0.129846211,,,,
1.196494195,8.16E-02,,,,
1.202386591,2.47E-02,,,,
1.201830548,-3.47E-02,,,,
1.194881861,-9.06E-02,,,,
1.182261463,-0.136745079,,,,
1.165395484,-0.16662844,,,,
1.146442162,-0.173681356,,,,
1.12820446,-0.153093486,,,,
1.113796135,-0.104535842,,,,
1.105993716,-3.48E-02,,,,
1.106425762,4.25E-02,,,,
1.114999712,0.110618753,,,,
1.129936346,0.156509092,,,,
1.148387971,0.174171132,,,,
1.167247866,0.164528894,,,,
1.18376851,0.132679662,,,,
1.195865073,8.52E-02,,,,
1.202185218,2.87E-02,,,,
1.202077098,-3.07E-02,,,,
1.195551559,-8.70E-02,,,,
1.183282893,-0.134021224,,,,
1.166647416,-0.165238064,,,,
1.147753929,-0.174043261,,,,
1.129368355,-0.155429755,,,,
1.114600432,-0.108663941,,,,
1.106275648,-4.00E-02,,,,
1.106124896,3.73E-02,,,,
1.114180475,0.106541494,,,,
1.128764063,0.15423803,,,,
1.147075001,0.173872428,,,,
1.166001092,0.165970673,,,,
1.182757066,0.135439726,,,,
1.195208506,8.88E-02,,,,
1.20195335,3.28E-02,,,,
1.202293203,-2.66E-02,,,,
1.196193968,-8.33E-02,,,,
1.18428349,-0.131222922,,,,
1.167888456,-0.163741725,,,,
1.149067932,-0.174274538,,,,
1.130549365,-0.157630748,,,,
1.115435474,-0.112685858,,,,
1.106596727,-4.51E-02,,,,
1.105863333,3.21E-02,,,,
1.113392394,0.102359787,,,,
1.127609423,0.151832085,,,,
1.14576478,0.173442496,,,,
1.164743843,0.167305435,,,,
1.181725082,0.138124208,,,,
1.194524821,9.24E-02,,,,
1.201691097,3.68E-02,,,,
1.202478764,-2.26E-02,,,,
1.19680877,-7.96E-02,,,,
1.185262702,-0.128352368,,,,
1.169117814,-0.162141484,,,,
1.150383192,-0.174376412,,,,
1.131746467,-0.159695831,,,,
1.116300449,-0.116598372,,,,
1.106956619,-5.03E-02,,,,
1.105641349,2.68E-02,,,,
1.112636244,9.81E-02,,,,
1.12647344,0.149292142,,,,
1.1444583,0.172880255,,,,
1.163476934,0.168531165,,,,
1.180673138,0.140730907,,,,
1.19381436,9.59E-02,,,,
1.201398581,4.08E-02,,,,
1.202633693,-1.85E-02,,,,
1.19739566,-7.59E-02,,,,
1.186219992,-0.125411749,,,,
1.170334715,-0.160439427,,,,
1.151698735,-0.1743502,,,,
1.132958636,-0.161624526,,,,
1.117194518,-0.120398445,,,,
1.10735495,-5.53E-02,,,,