vx,vy,vz
0.010363809538911674,0.0023291158533856435,0.03332656564227219
0.00587494106717884,-0.004357733706419776,0.004789777213236333
-0.0073349489212710785,-0.008198965049760476,0.01702092506789695
-0.01829157972533415,0.005834039228273743,0.008370755007720778
0.01886639538561642,-0.008605101594293283,0.013567137861672313
0.0015895522172733715,-0.012374622122006884,0.010593654961485895
0.010590203339041107,-0.006505032100294551,0.00997177644137469
0.01556087032208011,-0.015139892666242738,-0.009535658045041953
0.014709961596777676,0.009422137294844556,0.015522169716448176
-0.0023794449058935543,-0.00639828610554524,0.010579704348476387
-0.007323573654222504,0.005969781762404169,0.0019020414569028352
-0.0055589875632118405,-0.015027249352382447,-0.004754839103508899
0.004194270224162216,0.0036308469151023906,1.6107972874392985e-5
0.0001946206519471125,-0.000713022326758951,-0.003384406758559454
-0.009699142801714977,-0.008497811434637159,-0.012294847715695967
0.005870140809459567,0.0041133615112691506,-0.010698267429122712
0.002222660134814865,0.003284728908375041,4.342564452072406e-5
0.0046405849172088875,-0.0006325568205313107,0.005212902464655419
0.007775300869988332,-0.007925971535829846,-0.025310802851823706
-0.0043547936943232534,-0.014904249319015975,-0.006586856981984499
-0.00872431788740814,-0.00019366526755132982,-0.031248240573347876
-0.007552623916819221,-0.00109056549100798,-0.0106935858876262
0.008410610505914613,0.011214639089416828,-0.009171078851803646
-0.0031499248788724845,0.01530121727361583,-0.002491228968487479
0.006848057887794952,-0.017940558106688084,-0.032883169269107414
0.006717684801945099,-0.0037242840240463678,-0.004268319661936617
0.023270151659357335,-0.008077990306412949,-0.02284654438875664
0.011314617905471381,0.013996552171758707,-0.0018296877776927001
-0.0020406090315330835,0.013976195731057232,-0.015681013386047587
0.004852303137834283,-0.003771002582191608,0.0024920604736827588
-0.017435749893816063,-0.009065227918720335,-0.029663113717824808
0.005606358481546815,-0.007830237630373934,0.005462621164579305
0.0003632581777585384,-0.0012744954943192804,-0.0067568193605803285
0.0029612668965272974,0.004103447835289614,-0.01253938355976597
-0.0015372967280262067,0.011245736620181754,0.0028685600971988714
-0.0019350194701938852,-0.0017596292885536512,0.0006321534140999972
-0.0038296862016425344,-0.003952099355186236,0.004203900326355182
-0.0017849473726007975,-0.012012516902725007,-0.023176068213146616
0.0033748202189221345,0.004150330957300258,0.010831383172437372
-0.007225238872513232,0.004476670017940105,-0.0002980093385346644
0.004909639625660093,0.002304614377277791,0.0055620528084153464
0.00014563313944094658,-0.009223425135307687,0.0035298659756383523
-0.005245061649629674,0.01350795205416005,0.01481341263527635
0.0011121076663268997,0.011745851337897267,-0.010969740781072893
0.0031766966769561154,0.009181926690181752,0.012664692896587039
-0.001212094169537817,-0.006231319976917393,0.0062289627357604675
0.005500724851758068,0.0005966413598244877,-0.004548643462970187
0.004324166981478317,-0.009559534515327636,0.000702183404496629
0.00035176744436313527,0.008928402438774356,0.02962284385289825
0.011219184212272785,0.003513061260564453,-0.0026694500415761573
-0.0029127167115575153,0.0068990498798920585,0.036814820629768534
-0.006775226390469152,0.007863589838173776,0.008371082970088083
0.01830832046217249,-0.01958003741749191,0.009550232378360599
-0.0038940971836581117,0.0030704233970687434,0.007267554748113323
0.018638573700343438,0.013853868465580888,0.0330540473668445
-0.012224964811648075,-0.005276370992536569,0.009113456433661597
-0.03016861929715972,0.00664873014564171,0.03327326220562898
0.0048873881123170345,-0.0022801434198842646,-0.00824015759054359
0.007291876149636094,-0.005636557437535355,0.012398449312214961
0.01169326662629867,-0.018033613433971713,-0.009743916754466484
0.011825659957103343,0.011507961806530265,0.020076890417728612
-0.0018314758909718798,0.013381228318490427,0.021860005763792944
-0.03311237430671306,-0.06095960592066967,-0.019523880197668615
0.013499377650025178,0.00031204901832259746,0.025046080370903046
0.009842263940143321,0.019386585437977673,0.014933904501899213
0.0005053620324799688,-0.004550377434403571,0.00027294484114624967
0.0003092595783800258,0.006734570665643854,-0.021506902550442356
0.0004905625386900069,0.009648424842322196,-0.0007462219309820852
0.008149187214581579,0.0018563669821506435,0.001031090393619295
0.001172442113513664,0.003325456492086725,-0.01510896990275423
-0.0011152127402724186,-0.01148687235057446,0.011037421371294388
-0.0032112531959979105,-0.0019129909408472257,-0.0027846058047522847
0.005699906577826161,-0.005159548942332872,0.009982459746700085
0.009720806290645572,-0.005667365457243374,-0.003656175422067576
-0.0027796799750786413,-0.00016233827889570388,0.010496278888944556
-0.007289740786337104,0.011093354123341852,-0.0022179728836163627
0.00015418206887499598,-0.014923234649704922,-0.011440479021542169
0.003114087206009233,0.002908395715666553,-0.007132045589971461
-0.0031659047577260804,-0.011059776744115166,-0.004276901683599155
-0.01417400881438165,0.0003861508811411793,0.016731685114341206
-0.02166168790119309,-0.0003099099671622999,-0.01191608838033383
0.00011912809423274897,6.063990534623988e-5,-0.008844615468331448
-0.0030775960843693216,0.008841039014234648,0.009933762979089471
0.0027043092503589595,-0.010530980206034336,0.005005021589879
-8.831792303948819e-6,0.005753724722892421,0.001968883936206406
-0.01095287436125975,-0.001893787406440323,0.007771531166568438
0.008995449604257117,-0.005353631816393718,-0.0016492612789660958
0.007830987203378268,-0.004119994813969578,0.009583608769070934
0.0015914579520365669,0.01295328019735642,-0.002461168626564628
0.0016994703177054594,0.0039319435702859775,-0.0019873792135703464
-0.011966635394995496,-0.0075963866754076795,-0.011888181656264431
0.00019792030974232893,-0.005850101308435124,0.002061519013707541
-0.01145364131272236,-0.004199549060371346,-0.00023583732718947465
0.013968036040506615,-0.009803332188118307,0.003797606884314254
-0.0016735617202734946,-0.0025616254926510897,0.00048786348367176567
-0.009480382526581593,0.0012825514317950006,0.00023586570930720746
-0.00669345358497591,-0.010592366450357537,0.009724722290754051
-0.002699740328006534,0.0013926174488216071,0.0018882536128003906
0.017761062585462336,-0.003406200991111658,2.8019567696693017e-5
0.0008784901936324462,0.003757594032059013,-0.0007422991624562801
-0.005984854640223303,0.016011723056505982,-0.006121717123327665
-0.0012059962778872438,0.008380635578884351,0.019332598335224313
0.011020661300278537,0.005253617077839034,-0.001935556855836026
0.0033467571808023077,-0.008754168760152342,-0.008538024692297336
0.00758855352061269,-0.0012571982166114035,0.006724828642942009
-0.00772950037927587,0.0055512751443816755,-0.0047162307332967515
-0.005803506950689675,0.0025757612409343204,-0.007011491073903068
0.006581208964225614,0.0027217069086170817,0.003486777835172287
0.005144134454997428,-0.006051843782223236,0.007749848152791509
-0.00921280622272337,0.01698346290738732,-0.018440267483763352
-0.004432481922253216,0.006252642771631936,-0.0019826937301110257
-0.0038560352110900277,-0.0017625867606202662,-0.00693234399350414
-0.003287997515145892,-0.0023020122478825786,0.002569939875667596
0.013082929912062922,-0.006497477370033296,-0.002026272657518949
-0.016931347215273916,0.005538779237922585,-0.02451351036042996
-0.0053272304602274825,0.004911768062119679,-0.001850924685117451
-0.0014270417837805892,0.005614792947516856,-0.017361265054177632
-0.005140363284845171,0.004849712946759707,-0.012386444475540574
-5.9133804215074856e-5,-0.0018092973313461357,-0.011592327366156847
0.011306843390873459,0.005495059067026329,-0.003158457900294856
-0.004776338605391287,-0.004562222942034354,0.007804442005247047
-0.0030909415989329968,-0.002132953219931975,-0.0079044388329333
0.0009869251292222978,0.004132186339259002,-0.003950821101911548
0.010999675660804224,-0.011190554132129884,-0.0123662415532515
0.024288742642137286,-0.013881922282165693,-0.012707991872790286
0.003181294552743942,0.0033796974267469373,-0.010507493213961274
-0.010040605114004411,0.011265011842537741,0.01437227322043893
-0.009043100587454807,0.01120909836785661,-0.0021306927270860975
0.015673838305020154,-0.001266116661828848,0.0063152697061432455
-0.001541912920382202,0.00844276561236319,0.009090469449814852
-0.0024073664744886916,-0.010078715183801388,-0.0020904910813028077
-0.012701108479506576,-0.008737368384468019,-0.016958375225276875
-0.005941597295030777,-0.007253815839531073,-0.002872593311316288
-0.005715661221965946,0.0014252351828178266,-0.011236595327295451
0.00014774113963488217,0.008225046694562371,0.006067939169630415
0.001975845252411968,-0.01059096963078465,-0.007826892310159277
0.015479559209094865,0.001134454299060952,-0.007740490692914995
0.01228039145977201,0.0003182401396805666,-0.027941718619852104
-0.002162947753213396,0.009989800000940817,-0.015463782364820572
-0.010608476846447636,-0.012391539740643808,0.004631349265704784
-0.0015624399775536033,0.00407832611424793,-0.010087785279794464
-0.002901049324517785,0.001560153360765959,0.00034471505599861237
-0.0030360201382354838,0.0039172963100459895,0.004772416498684624
-0.003022988996057621,-0.019356990245789615,0.006832470630596263
0.004926302400569003,0.0037827592700601883,-0.000804642641212792
0.002457491653394723,-0.0024055913295690976,0.012094631931267067
0.019211955222925865,0.010371451315309433,0.014142077951338393
0.0026567698660406192,-0.0038136485589781374,0.0066999061914278235
-0.009675442028732488,-0.0007743091228612032,-0.00602030753774929
0.0019198913254858088,-0.0067082070431076545,0.0072961752022848774
0.0031111037041674427,-0.01008163762324192,-0.004456235557411998
0.0035772939101679567,0.0020932539420559205,0.0012625570602637318
-0.011075644756362038,-0.0053263929785163575,-0.0074930478856276754
0.009363276394735746,-0.002425526121152186,0.00941336254758989
0.005424418981138088,0.001887535940024399,-0.01116950784700416
-0.000638804549511737,0.0029576551230489686,0.0004869303022784648
0.011582857508848587,-0.01251218035075136,0.011886362023567288
0.01971225014430719,0.0043686589581778896,-0.01529444603886755
0.004582428410149863,0.007575562115828629,0.004209778636806186
-0.001794299916016733,-3.430471836579152e-5,0.004724066856340921
0.013846285463367075,0.0029826815867327293,0.011057651590601155
0.0018537405030330956,-0.00671547454188992,0.005873499081152515
-0.002361307072323966,-0.013688038462201539,0.0046753918057632834
-0.016296412067986054,0.0005137417654562834,-0.0021917664770360417
-0.005143427231196382,-0.013310283216967866,0.009472878691981452
0.00631270774973316,-0.0038516871324696072,0.004223230946166776
-0.005857749341735317,0.009398605312307984,-0.002186297359572561
0.003632277949931972,0.012116370547029283,0.004224849489176624
0.0032315890612735496,0.005882776331845227,-0.000644285838670182
-0.0015725562996009438,0.012758419797761614,-0.016659653322783043
0.003392676682473967,0.007721713678986535,-0.005281886380498724
0.003296844258950679,-0.0002337920202873203,-0.010640808409236056
-0.008337671402135368,-0.0024888211561317373,0.0011448571399929836
-0.02527868428079353,0.004421957426816176,-0.00042645482687200445
0.005541652295055634,-0.0014618197283430738,0.005349337955629409
-0.0022921936006109335,0.0018238977788868228,-0.0036689508989116875
-0.007211047688308484,-0.0044707196038350295,-0.0055050254626248345
-0.009502104848128082,-0.005620484676705721,0.002011340729372605
0.014565569153559539,-0.0058434214100204504,-0.018315027298936595
-0.0013603240173484807,-0.0007419930127804452,0.0013890687408957087
-0.010600544144515882,0.017706091901296794,0.007489611657231935
-0.00415055947219528,0.0009368053585431417,-0.010196313852696844
-0.00830766550803887,0.007721155039568373,-0.01137249810997433
0.010955105921539143,0.004386239403699075,0.00019766026156880297
-0.002315921471199574,-0.0015656647776522373,-0.008830014395636581
-0.004991612192583051,-0.0072947084999705775,-0.0022570612497117932
0.0026389506972941566,0.007456435336458369,-0.0020431042595330496
0.002797738441212504,-0.00155487609081441,0.004070419287337711
-0.002010437867520255,-0.002554875715401572,-0.0034897123399446617
0.006775139384042038,-0.003909984330698273,-0.005143157766893069
-0.006836128361797546,-0.010928498120046412,-0.0010490951582089298
0.0014245312219148742,0.017087138450825403,-0.009870239507892878
0.012419949633030107,0.007190062394094142,0.0017144687004440027
0.004596344380275986,0.0027283741842564872,0.017497539599149715
-0.00713439851933707,0.012794170392007323,0.004482870096560599
0.0009567020686039017,-0.004003426077610731,0.002607688322285128
0.004044247396352965,0.009359400920245339,0.003172801512750477
0.003051276712977599,0.008156978299943123,-0.0038902240839852214
-0.009433312053991129,-0.016676951220414033,-0.013070278385386339
-0.012585762583416267,-0.004379475484625857,-0.009766402928004713
-0.01819671844225868,0.0054652160297312385,-0.01691332533703312
0.0029765474993750304,-0.0012357062952082507,0.004484092602278083
0.009706353193496518,-0.018979345329294486,0.011027925116836451
0.009407362144859878,0.00660054020699009,-0.02275478083682088
-0.004821351314004251,0.0018619215410958043,-0.006799971719387391
-0.0072273939536456056,-0.0016322457620617497,-0.00699622320456536
-0.009447512517713936,-0.001383268406225812,0.006921548583747619
-0.01837021309409418,0.001005589788639182,-8.97977256615639e-5
-0.003210971100838261,-0.01625731888503805,0.003449521838626111
0.00851778717423615,-0.009150936324381756,-0.0045109275735006815
-0.008163533905774848,0.0033028142342848526,0.008276155151161835
0.0012229203564035798,-0.010618629534132345,0.0010528796403856185
0.0034252685282722332,0.009168586529803327,-0.003626689269536887
-0.011048273547315237,0.0017803056411737966,0.0035222477355556867
-0.010233144454197799,-0.003956801242480046,0.0034906489774786174
-0.0003092279345508409,0.006799489384694973,0.001958388028739717
-0.0034237488705706346,0.010413077465031664,-0.0012695857709700167
-0.003048814254886437,0.00014707448967865797,0.019183586675900418
-0.010687655825401259,0.008568093608660048,0.018993832009136655
-0.007097155766954576,-0.008414983521990852,-0.005744040978435682
0.0012305256954415064,0.002672474239578707,0.008566958672925033
0.0032933556487551373,-0.00490287998891504,-0.004366881097789694
-0.020340380012409523,-0.003047175417959031,0.003509160335299963
-0.00037438688402976626,0.0027914935005603023,-0.006441786850347551
-0.009832445544121172,0.016170015407405373,-0.002856136804422895
-0.0037427859941517056,0.007945298674684879,0.008249405732945364
-0.007337441355699463,-0.016284672653315686,-0.012176444499110687
0.00844403206129561,0.002846690744877479,0.009527479475730058
-0.008072452653197608,-0.00257234689163956,0.002012192575713875
0.005805516424497006,-0.003540045752360079,-0.004902832328362945
-0.0012964949407116128,0.005827617443145895,0.0024667255369320586
0.003878131754724306,-0.004806324278370713,0.003245177786337994
0.0031779858675249776,0.011012266335310043,0.011772116252233698
-0.00476964467679017,-0.007359669297280682,0.00760219890681868
-0.00016343402322644007,0.017421276790887723,-0.002603592388434893
-0.007219469459118437,-0.0006586939901032716,0.00023384229731911827
0.0012614034758872909,0.0001266578313721445,-0.0011789152977345909
-0.007359685698219973,-0.003534084468747062,0.0038761365413220576
0.009678751316539926,0.00022116868542352856,-0.0013056923584713717
-0.0025273575402329756,-0.005431275714295591,0.0009694299982779266
-0.013346866805991993,0.009288539297968154,-0.010072597725604135
-0.0006841116493274459,-0.0038993431682030097,0.0013170216881042203
0.005203042335372248,0.0049915931895703255,0.0007378283310961695
0.0070773798191633335,0.0035085930755919138,0.0021400640609477496
-0.006813355643494646,-0.014389527050007034,-0.008452286907704177
0.0005758853364792221,-0.0031269282972854135,-0.004159870308461387
-0.0047460268671741706,0.00836023408272838,0.007473725484399077
-0.009547404818800316,-0.001148630496744194,-0.011648923238580487
0.004270138017155543,5.775769168291335e-5,-0.005352196420942692
-0.0005775383642485081,-7.318938324562449e-5,-0.000342874671741714
-0.005061886026815687,-0.00596461283162457,-0.0018626335856511888
0.007128660170424917,0.0006398221269818205,-0.006875130891849267
-0.0013784114446471387,-0.00403125666461341,-0.0012873331211634882
-0.004662978183901992,-0.004582190153008796,0.008856496901705225
-0.003556117636236294,7.961845779530338e-5,-0.006196331012995101
0.00015638769436224407,-0.010272029484130998,-0.005259108796860334
0.001506952523828643,-0.0019011082965107854,0.005540516261426643
0.0018551731963915915,0.002686917807819908,0.0007318214412495176
-0.0049229039827355416,0.0036765638807384326,0.020376153240657776
-0.019802449051696584,0.008569270784033727,0.030985854022697337
0.0046203716492020435,0.001396383166926117,0.015894104019905427
-0.0072459840315318245,0.0061155319805175825,0.012945215554798762
0.0007139726144384682,0.005332267546197657,-0.000721276292331952
0.0205475268383211,0.009563062477017284,0.006154905513351483
0.0067343268465526775,0.0009258625501604884,-0.013208731920767514
-0.0043211994209943205,-0.011728052758922967,-0.011613592216146962
0.0017815724987450396,0.009012468153254124,-0.010565261010628699
-0.003099193380478405,0.006314289424440723,-0.001964913768655151
-0.0053170785816027384,-0.013473036740050157,-0.005608253745773669
-0.001742404281121712,-0.005763034105771075,-0.0020023403315268455
-0.007609010365176888,-0.01159190292382866,0.007562310845159334
0.0019052105042609753,0.0009131391472676896,-0.0014684437031607428
-0.007373987191031894,0.01163629007786073,0.007650347941268518
0.010395493919287136,-0.0009576657857389266,-0.0005514790210024579
0.00573844164994628,-0.003152302580457674,0.00039312537627627915
-0.009061383695765667,0.001575721038107751,-0.010133344825967167
-0.005731463472421677,-0.006460286992449738,-0.004264805628377811
-0.010378395629060868,0.003073646188779114,-0.004270895019049047
0.015863531361058888,-0.004668641623086911,0.002126577474351266
0.0012329826045301797,-0.006224550207277716,-0.0009632614044708609
0.00033911391798050904,0.008236851383982806,0.0037551088532635428
0.0004094723481897835,0.0006015278589932613,0.0075052109527151524
-0.004278400122733567,-0.002962814259435821,0.007152255471566548
-0.005311642570889453,-0.009329365471128354,-0.0015816941352924001
0.004168183831981484,0.01009156037239708,-0.012598779370736638
0.0053976101762887516,0.00021289369780226218,-0.011304033449481615
-0.0016411976333798935,0.004941876652090359,0.008942885444795823
-0.014075780533125755,0.004765762962072315,-0.009191310886021781
0.009089596046332317,-0.0012720448958031237,0.01842876447173888
0.005141721704565232,-0.012701368473170483,-0.0011596868560790278
0.0011718742341216021,-0.0016910844390223272,-0.00797570871288719
-0.004263066883903698,0.004814029462057428,0.023351539680014403
-0.007520124624986537,-0.00979870538550096,0.0009918905265915363
0.0006959083719980482,-0.009162554288078252,-0.00034317670169770124
0.004949501992840427,0.007498848758191514,-0.00862879668167672
-0.0135840078012341,-0.00399533304710995,-0.0006981774680964386
-0.005616146952900752,0.004540591218947413,-0.010603560502845461
0.0025336494032296955,-0.0030339929527733755,-0.00601595884052093
0.006140629831886703,-0.00533105705797116,0.012207549717814594
-0.00049257430407698,-0.005084747624688582,-0.004957101281314347
-0.0019714657278752687,-0.016373972925753925,-0.0003003153043001766
-0.007421697962006359,0.008797419172615367,0.00465181884736591
-0.012982749456139225,-0.00625640332718974,-0.01366668176607937
0.0018637082825600643,-0.0005405295021602913,0.014519971332437296
0.0031219770614527975,-0.014137064161379904,-0.01214477935439245
0.0035515413130785736,0.010295078082433148,-0.0016364011721871977
0.0166242956232093,0.00561243239653958,-0.014921983250591943
-0.0007965874914578555,-0.0053602805031013325,0.0013706581284225416
0.01799078950907218,-0.0064867644267553835,-0.0022354639638867304
-0.01002973810532698,-0.0034682683144742323,0.0002936629091491055
0.0006577367467963546,-0.003614222984799727,-0.008788742960550286
-0.004984801781996753,-2.0097917078995674e-5,-0.0037700796709135517
-0.007524808782734767,0.012137695443045438,0.016514822541845935
-0.008448990355288425,0.004827242947700384,-0.02251109693228485
0.004847283725962981,-0.002477164327592994,-0.0049945974413189275
-0.0016388384079194737,0.005997803766135552,0.0031251017358079145
-0.00022233560865112466,-0.010396903018571692,-0.006237895026850212
-0.009516536692390463,-0.0016831931002853438,0.011429424344403492
-0.01237497325692466,0.005546832931232974,0.005685721401328603
-0.010708568503814958,0.021617725836995356,-0.0047799059616601865
-0.003698917492408976,-0.0020495956786893968,0.005092088895673476
0.005419214780783977,-0.002412661978638139,-0.004591687745950159
-0.009048919906343723,0.00611740827059609,0.011151310358082518
0.010099761832211254,0.002181582483184079,0.0020081862877363403
-0.014622528763961357,0.0067008868227351,0.02351320040938666
-0.03723210813432231,0.0011732461644954901,0.034567794336275846
0.004403757485324222,0.007535948637173795,0.026641373765704898
0.006121222357939997,0.003047828611056419,0.01732735081009305
0.012439688659496516,0.014733219401089341,0.020532532097348566
0.016843970846744785,0.005143267611398692,0.01102889687073265
-0.014010498219120092,-0.012802994559521046,-0.0021971175108700387
0.006105922096202986,-0.0077190985195357865,0.029806467292734895
0.01372703154139422,0.010936680661974868,-0.006934600594004248
-0.009348662640744729,-0.0137699472442261,0.013067663117325141
-0.025892132494803346,0.024934667160160313,0.006973397490844974
0.06546703444303065,0.09814668605425211,0.10938580532067613
0.004795741948728086,0.00842223615717193,-0.023259710562669383
0.0007010081958230547,-0.008638877456315123,0.0027725074137386757
-0.005133994384546384,0.015194565992131537,-0.0018074577586701772
-0.013100599214261528,0.04586859159032722,-0.017712950626484075
0.011470400054446883,-0.017290864425818467,0.007149061374067413
0.031025222663058988,-0.04392213960203969,-0.13324587758275094
0.01162089599054427,-0.0066981119160758745,0.01059377093440201
-0.012551249293818631,-0.003873994307976421,-0.0025357768085369843
0.0026743555511584334,0.013455792164126215,0.011271533837986458
-0.0013006315966949424,-0.0021089349069686094,0.02174175237166677
0.0029008150077966047,-0.017433359194837194,0.006907849747470983
0.011036510504861968,0.017628051512907857,0.06977533087748318
-0.002077893999180017,-0.00087287672380979,-0.022385035289936423
0.007861309818646382,-0.0020125726165634117,0.009132633806277952
-0.006988882991878418,0.006355350631544104,-0.01156743493301433
0.0032051947576954253,0.037295580514525424,-0.01603681523218287
0.017150264271434023,-0.01365196465206727,0.00048425944851228245
0.0001976584462515102,-0.02257150705893623,-0.11547085988252584
-0.0054152224878080005,-0.0022460021616515307,0.00719220497313958
0.0018049558610009028,-0.0005921786153024428,0.0224288777414744
-0.006719174358589261,0.012515397554566286,0.009521662235790086
-0.002931240232214612,-0.02632471083987245,0.03392003480089893
-0.0034357331327963545,0.01234095076876056,0.017108249042077427
0.004339996333613609,0.025296358520287533,0.1108210655816673
-0.009392795565275043,0.011145019919657422,-0.0030370452470376546
-0.007667622085354285,-0.0020790153971007998,-0.00497532657658464
-0.004872325158190128,-0.012627213379915278,-0.010045183542381516
-1.0949382790166845e-5,0.020984918871211095,-0.0069113391270554025
0.0055474407729585755,-0.00852192864680207,0.005086074126706985
-0.004505970166202521,-0.008475745463201493,-0.046810238518476696
0.00488305666855774,-0.004763700666566545,-0.011789193194850918
0.014739913495460652,-0.0076545673891778064,-0.003259058332107118
0.004119870610748594,0.009969510832868924,-0.0020239054336057428
0.001880859846638329,0.004678741526709526,0.0035710369691277356
-0.004019314584464507,-0.006809681640715772,-0.0009656006128263931
-0.001811169146587262,0.0005433607773006201,0.002612650351146786
0.009942588513453423,0.011794983779073051,-0.01845301670334163
-0.0021151212263020467,0.022942281298306444,-0.019905882132637897
-0.009428091738430455,-0.011354356727189624,-0.010001869759765178
0.0003586447462376025,0.009447017783640863,-0.011387873546608114
-0.006566623618761463,-0.003473474721651543,-0.010745709367131791
-0.006467808524664761,-0.00835791704993506,-0.05228681652066608
-0.010956732010464787,0.0022081759011706613,0.02212192444074984
-0.002665422919647865,0.01669139043830383,-0.0311667234962333
-0.0058839684443613965,-0.007968796131520432,0.001088133873386349
-0.000221984992247031,-0.02965469484315744,-0.008883189482915745
-0.007659516327978496,0.012836774541420093,-0.015296416310964204
0.0012511759204536272,0.032524544767386546,0.10490260738181525
-0.013824852485701755,0.00831965192923061,-0.017704971123234207
-0.005541304620777117,0.017652093622181213,-0.03475854277281547
0.0019821878183817775,-0.0008112930332043656,0.0008266195790815131
0.004681772474295751,-0.006327321293124712,-0.01819725192254591
0.003684751531417322,-0.025682011185074873,-0.00587287552082235
0.030006407384354273,-0.01738286053010416,-0.044426918748484395
-0.014723126038005435,0.02239392995984826,0.00913311642779582
-0.0038621609027641593,0.011207850742611236,0.0037934217910954304
-0.020886300759158854,0.006448980072486685,0.0165173988083059
0.007634763165058666,0.009668168703019888,-0.01098930673144191
-0.001824761211927336,-0.0056147855894533045,0.007839966401153633
0.014086008393910937,-0.006009369230417314,-0.006698973775349676
-0.0011706866352886533,0.003179068349213534,-0.007199642677849606
-0.012262661948615314,-0.004196307612649177,0.006521743533631526
-0.007895700854490598,0.009430334578096186,0.0004835433730147972
-0.01444403570174669,-0.01311393913668537,0.003796804966566434
-0.010474921577722538,0.0017062242389936065,0.004952791460993295
-0.004632142940780243,0.0017382732384434798,-0.003030402604798134
-0.0189821996475934,-0.011650803228023964,0.0025476325878673895
0.002389163335614756,0.032674165801185304,-0.011272890307258431
0.0031429887876113422,-0.01965474680483366,-0.003984086070918136
0.0057978605237394825,0.02661930152568534,-0.00956446211526798
0.011465733156076375,-0.004892064860969462,-0.00010036139822297082
0.007454538558750812,-0.000799564924322984,0.002177816341171464
0.010615447827641443,0.011674247819137513,-0.003090373799338768
-0.007128850541844773,-0.01829666189185375,5.62330276402838e-5
-0.007204745701183065,0.002131376581634239,-0.0013426434995787943
-0.004754618060312196,-0.012329100739511909,-0.006203923158105862
0.016431593885922077,-0.0037029835240751994,0.0033971494198437842
0.01505705655471871,-0.03097083752158345,-0.007104833116626637
0.013739965291078543,0.014733790891534988,0.01433670111379874
0.02418634801774322,-0.02867068355473759,0.004622820883453503
0.0008640139910512688,0.02424997868643879,0.00766036504177901
-0.0029878295095817128,-0.01824676430046133,0.003873371592395568
-0.01289379585497651,-0.009900776832290467,0.0008005426312109262
0.02032742361903077,-0.01788170512296537,-0.012028887521704898
0.002132419298957025,-0.01224500274155749,-0.004598020518768608
0.007518199164692527,-0.0030983955793740412,0.012419960921747547
0.0013761846567936081,0.0029149066370241176,-0.0021199419696296337
0.010098264946854658,0.009052625953837583,0.007347437067159072
0.0010514230076748895,0.013849944489741348,-0.003738833645583653
-0.0076668482963677224,0.0194443840425753,0.0009905281402053906
0.009638289315620607,0.0194363045770004,-0.0012110406132522537
-0.00847214545544339,0.001992703689313872,-0.005994887094612026
0.0031702092119707593,0.015425481002670625,0.010800054487203493
0.0005676515490821227,-0.004778269164498791,-0.004541165551996145
-0.003943649654097361,-0.0018719376205748777,0.0028474601528429614
-0.0018904326399690062,-0.0004820902202415814,-0.0010881547596482929
-0.01466497704724739,-0.006223740283434724,-0.0007029719521606222
-0.02101172261229349,0.011041602550026468,-0.00458320750076393
-0.0010914511385975117,-0.006954881628960883,-0.006747816085403407
0.006951198227823862,0.006045029397323418,-0.007876447941120643
0.01636604060153533,-0.011989505830335156,-0.005190421048013008
0.013990948000676627,-0.004933151827102777,-0.004142005561606442
0.006343184544409851,-0.026292811657532146,0.007448020855845578
0.0021328795762050627,-0.008840612391247903,0.009878722978406215
-0.01429435312079392,0.0028850394350404445,-0.005717788493265576
0.016042856173779357,0.011050913261866089,0.011108114213474933
0.009822539351854604,-0.007500314028283186,0.008067727114712998
0.002993177807593148,0.00857065646704906,-0.00422069624367339
0.01596153300577471,0.002952485534379686,-0.004066793814150836
0.005202526965450523,-0.0027255344072249243,0.006515611065331051
-0.0006356297240541197,-0.0034876253350732502,0.01389242680063976
-0.007765691729048705,-0.006988661661748204,0.005135470444266458
-0.0038675986156708935,-0.0038848515369500057,0.007400594227559976
-0.0005811455507379998,-0.010505197435740356,-0.006185067075438862
-0.006143418320159294,-0.0005295702766249751,0.0003639918524655489
0.0013411888170017801,-0.0035080347814166464,0.00020237524080743636
0.0015008349399383075,-0.005124354493696019,0.0029156157681149266
0.0019847920874656072,-0.005124475418692226,0.0018834752843905579
0.001232494870897342,-0.0013928522513869794,0.010461460357844739
0.00435830211329602,0.0002836909365604968,-0.008829914023185325
-0.001944923064836673,0.021784126735751017,0.0003156892632868215
0.008354764518162696,0.008674528551534357,-0.0007203002142181104
0.0026333985899200797,0.017954257052802246,-0.002304167738553279
0.0046056014997259915,0.01130625706677078,0.010974290069922074
0.0038128313393166985,0.010633053185218918,-0.002187241226814679
-0.0008887637781652424,0.0019103240325870482,0.006386350207661347
-0.0009402351357077409,0.019840204538515857,0.006470915276266577
0.015147240630518892,-0.011342092655958643,0.006083349079395336
0.0025085087043446325,-0.005473938199401879,-0.0005879042874796531
-0.003895751977345159,-0.0008821275545296026,-0.007353426427796496
0.011288681253067777,-0.0007535265680694537,-0.00019877814889616435
0.02010544335552905,-0.0014890080805189786,0.009563427563487308
-0.0005525923258050321,0.00037585983228420865,0.006601078368683991
-0.005727019085019821,0.012259881272599379,0.009737083434097852
-0.0009369348673015232,0.007550806403876029,0.0022278598120880717
-0.012280845196855869,0.002671056123046512,0.0047277443375765464
-0.01101556950386242,-0.001927804938448633,-0.003780404592773642
-0.009288500968019451,0.004208681105915956,0.004207015563025517
-0.0004252516420800207,-0.0076320484232262125,-0.0024169759960692688
-0.004530982522604408,-0.0004649551738585499,-0.00714730873740313
0.008672605714454858,0.005545860823185759,-0.0016336286430017445
0.011744122502477703,-0.00012869038691201175,0.005419311225319861
-0.0023403950771767163,0.005633693365470233,-0.006736951344140256
0.0005643014688886684,0.013867511611173318,-0.0016115952805391882
0.011147779002517698,-0.0017515098479381768,-0.002738451143013802
0.019481580137221715,0.012781470882400165,-0.000358929609281245
0.0020537235666421793,-0.0013550591388195362,0.00955228917895243
-0.007444370531244424,0.0039090270692218754,0.00468261840110523
-0.0072780647980122005,0.005348459245758236,-0.000603532568604988
0.005846770409589352,-0.0032689169228827817,-0.01270775377038455
-0.00022811444450795406,-0.0068394811539532405,0.0025450966502414346
-0.012889917598686615,3.3348460227022216e-5,-0.007220844186938233
-0.001537463683689867,-0.0006155934930175454,-0.009612105287641516
0.010857712039369324,-0.003902155821366682,-0.006613326943031382
0.009752163340560706,-0.018157142236453705,-0.0024997860455690793
-0.005051612431726321,-0.013661192464671729,-0.00458100696011845
0.0016867873933244524,-0.005971758036505955,0.0009529711709495256
0.00047519539899268794,-0.018309585028408706,-0.0017912871675266715
-0.018820516368762648,-0.0014384859912721093,-0.0027262580748619106
-0.008638574489841108,0.0019435103522700656,-0.007113773940179422
0.0033078752549533332,0.0043104787979032525,0.002136660589715844
-0.007972716128898522,-0.0115618742954871,-0.0008714208958928489
-0.000639679033709231,0.009827756005411406,-0.00031013203044473215
0.008311119272834205,-0.005608858690094097,-0.004333710387150746
-0.0009247800101129357,-0.005694388198018982,0.007843056295780066
-0.0017138269156494813,-0.002112616922465447,0.0008214004314139255
0.011632216683679183,-0.002264684962690016,-0.001995253292955243
0.017915626878984525,-0.0044323373127431055,0.004182463640145731
0.031244557228904058,0.0007626289943126561,0.01198544781412815
0.0012576449168169575,-0.020823350068470622,0.01329769624834496
0.008352003630269006,0.002516698244047651,-0.014223969804225215
-0.15407237839023732,-0.017942217573119135,-0.000859543700948319
-0.016568850714786768,0.023128686968673387,0.0190209289122215
0.13119606765918676,-0.05320562513544611,-0.027784238567129024
-0.015171787933524092,0.00720287437224452,-0.0059210304750999115
-0.1044360705249535,-0.032953955581941884,-0.026317392717262907
0.012298342681931668,-0.0027654677997868094,0.01647552440777122
0.14872088457187646,-0.01848371894575962,-0.0014763907083931082
0.008418830201978538,0.013681743609476863,0.0016966150292732304
-0.09907959405244218,0.0037023458239527456,0.02401146691978083
-0.017781385656758138,0.01306384977767122,0.012360120650424003
0.017726953683739537,-0.03258260564563467,-0.01192581653635321
-0.014385641150509621,0.00419451766180706,-0.006244353878666557
-0.02203857526006017,-0.02088243947698878,-0.020851372871035733
-0.007581099448952367,0.004731651263059716,-0.00967131269104804
0.10091793030590762,0.03062888844892403,0.009420098241230516
-0.007485141083335621,-0.010952540036444077,-0.005823188598814483
-0.08409093549075364,0.0485134807478156,0.004471083519834163
0.00680550635280735,-0.011553198157768663,-0.00933841438008307
0.01589703468097768,-0.003625011358260672,-0.0117382742792226
0.004798035566605774,-0.02418382079038775,0.007947772354951773
0.00930314920935885,-0.003693506199450352,0.009736219381759007
